        eV      barns         eV      barns         eV      barns

  0           0           0           0           0           0 
  1.000000e-5 3.852000e+0 1.093100e-5 3.851900e+0 1.193400e-5 3.852000e+0
  1.287000e-5 3.852000e+0 1.386700e-5 3.851700e+0 1.480800e-5 3.852100e+0
  1.580100e-5 3.851800e+0 1.674400e-5 3.852300e+0 1.773400e-5 3.851800e+0
  1.958900e-5 3.852300e+0 2.160100e-5 3.851900e+0 2.346900e-5 3.851900e+0
  2.546900e-5 3.852000e+0 2.734500e-5 3.852200e+0 2.933600e-5 3.852000e+0
  3.122000e-5 3.852000e+0 3.320300e-5 3.852100e+0 3.501200e-5 3.852100e+0
  3.690200e-5 3.852100e+0 3.887600e-5 3.852100e+0 4.093700e-5 3.852100e+0
  4.466500e-5 3.852100e+0 4.867200e-5 3.852000e+0 5.242000e-5 3.852100e+0
  5.640600e-5 3.852100e+0 6.017000e-5 3.852000e+0 6.414100e-5 3.852000e+0
  6.791600e-5 3.852000e+0 7.187500e-5 3.852100e+0 7.929500e-5 3.852100e+0
  8.734300e-5 3.852000e+0 9.481500e-5 3.852100e+0 1.028100e-4 3.852000e+0
  1.103200e-4 3.852100e+0 1.182800e-4 3.852100e+0 1.258200e-4 3.852000e+0
  1.337500e-4 3.852000e+0 1.485500e-4 3.852100e+0 1.646900e-4 3.852000e+0
  1.796000e-4 3.852100e+0 1.956200e-4 3.852000e+0 2.106200e-4 3.852000e+0
  2.265600e-4 3.852100e+0 2.416200e-4 3.852100e+0 2.575000e-4 3.852000e+0
  2.719400e-4 3.852000e+0 2.870500e-4 3.852000e+0 3.193800e-4 3.852000e+0
  3.491700e-4 3.852100e+0 3.812500e-4 3.852000e+0 4.112200e-4 3.852000e+0
  4.431300e-4 3.852100e+0 4.732200e-4 3.852100e+0 5.050000e-4 3.852100e+0
  5.640500e-4 3.852000e+0 5.956700e-4 3.852100e+0 6.287500e-4 3.852100e+0
  6.883100e-4 3.852000e+0 7.525000e-4 3.852000e+0 8.124100e-4 3.852100e+0
  8.762500e-4 3.852000e+0 9.364200e-4 3.852000e+0 1.000000e-3 3.852000e+0
  1.091500e-3 3.852000e+0 1.189800e-3 3.852000e+0 1.281800e-3 3.852100e+0
  1.379700e-3 3.852000e+0 1.472100e-3 3.852000e+0 1.569500e-3 3.852100e+0
  1.759400e-3 3.852000e+0 1.941500e-3 3.852000e+0 2.139100e-3 3.852000e+0
  2.322500e-3 3.852000e+0 2.518800e-3 3.852000e+0 2.703000e-3 3.852100e+0
  3.083400e-3 3.852000e+0 3.278100e-3 3.852000e+0 3.641300e-3 3.852000e+0
  4.037500e-3 3.852000e+0 4.403600e-3 3.852000e+0 4.796900e-3 3.852000e+0
  5.556300e-3 3.852000e+0 6.315600e-3 3.852000e+0 7.803600e-3 3.852000e+0
  9.327400e-3 3.852000e+0 1.163100e-2 3.852000e+0 1.315000e-2 3.852000e+0
  1.618800e-2 3.852000e+0 1.922500e-2 3.852000e+0 2.374100e-2 3.852000e+0
  2.530000e-2 3.852000e+0 2.756000e-2 3.852000e+0 3.467000e-2 3.852000e+0
  3.935500e-2 3.852000e+0 4.853700e-2 3.852000e+0 5.793800e-2 3.852000e+0
  7.215100e-2 3.852000e+0 1.000000e-1 3.852000e+0 1.002600e-1 3.852000e+0
  1.190000e-1 3.852000e+0 1.468700e-1 3.852000e+0 1.656300e-1 3.852000e+0
  2.127100e-1 3.852000e+0 2.501900e-1 3.852000e+0 3.059300e-1 3.852000e+0
  4.362500e-1 3.852000e+0 5.114100e-1 3.852000e+0 6.250000e-1 3.852000e+0
  7.469900e-1 3.852000e+0 9.283100e-1 3.852000e+0 1.000000e+0 3.852000e+0
  1.050500e+0 3.852000e+0 1.356900e+0 3.852000e+0 1.600900e+0 3.852000e+0
  1.963800e+0 3.852000e+0 2.203000e+0 3.852000e+0 2.812000e+0 3.852000e+0
  3.790300e+0 3.852000e+0 4.528800e+0 3.852000e+0 5.000000e+0 3.852000e+0
  5.976100e+0 3.852000e+0 6.954400e+0 3.852000e+0 8.432500e+0 3.852000e+0
  1.000000e+1 3.852000e+0 1.038400e+1 3.852000e+0 1.233600e+1 3.852000e+0
  1.428800e+1 3.852000e+0 1.810400e+1 3.852001e+0 2.000000e+1 3.852001e+0
  2.014400e+1 3.852001e+0 2.179200e+1 3.852001e+0 2.795100e+1 3.852001e+0
  3.162280e+1 3.852001e+0 3.185500e+1 3.852001e+0 3.966300e+1 3.852001e+0
  4.258300e+1 3.851963e+0 4.747000e+1 3.851901e+0 5.000000e+1 3.851901e+0
  6.308500e+1 3.851901e+0 6.337500e+1 3.851901e+0 7.071070e+1 3.851901e+0
  7.870100e+1 3.851901e+0 8.416700e+1 3.851866e+0 9.431600e+1 3.851801e+0
  1.000000e+2 3.851801e+0 1.049600e+2 3.851801e+0 1.099300e+2 3.851801e+0
  1.255500e+2 3.851801e+0 1.257500e+2 3.851801e+0 1.414210e+2 3.851751e+0
  1.465400e+2 3.851734e+0 1.567800e+2 3.851702e+0 1.673300e+2 3.851668e+0
  1.880100e+2 3.851602e+0 1.881200e+2 3.851602e+0 2.000000e+2 3.851602e+0
  2.089200e+2 3.851602e+0 2.192400e+2 3.851602e+0 2.297100e+2 3.851568e+0
  2.504700e+2 3.851502e+0 2.505000e+2 3.851502e+0 2.712900e+2 3.851469e+0
  2.920800e+2 3.851435e+0 3.128800e+2 3.851402e+0 3.129300e+2 3.851402e+0
  3.162280e+2 3.851392e+0 3.336700e+2 3.851336e+0 3.544600e+2 3.851269e+0
  3.752500e+2 3.851203e+0 3.753900e+2 3.851202e+0 3.960400e+2 3.851153e+0
  3.976360e+2 3.851149e+0 4.168300e+2 3.851103e+0 4.376200e+2 3.851053e+0
  4.584200e+2 3.851003e+0 4.792100e+2 3.850953e+0 5.000000e+2 3.850903e+0
  5.003100e+2 3.850903e+0 6.252300e+2 3.850703e+0 7.071070e+2 3.850507e+0
  7.501600e+2 3.850403e+0 8.750800e+2 3.850103e+0 1.000000e+3 3.849804e+0
  1.250000e+3 3.849304e+0 1.414210e+3 3.848910e+0 1.500000e+3 3.848704e+0
  2.000000e+3 3.847605e+0 2.429200e+3 3.846661e+0 2.500000e+3 3.846506e+0
  3.000000e+3 3.845406e+0 3.162280e+3 3.845049e+0 3.858400e+3 3.843519e+0
  4.000000e+3 3.843207e+0 5.000000e+3 3.841008e+0 5.287600e+3 3.840364e+0
  6.250000e+3 3.838209e+0 6.716700e+3 3.837201e+0 7.071070e+3 3.836436e+0
  7.500000e+3 3.835510e+0 8.145900e+3 3.834064e+0 8.750000e+3 3.832711e+0
  9.575100e+3 3.830929e+0 1.000000e+4 3.830012e+0 1.100400e+4 3.827803e+0
  1.243300e+4 3.824660e+0 1.250000e+4 3.824513e+0 1.386300e+4 3.821569e+0
  1.414210e+4 3.820967e+0 1.500000e+4 3.819114e+0 1.529200e+4 3.818478e+0
  1.672100e+4 3.815363e+0 1.815000e+4 3.812249e+0 1.957900e+4 3.809134e+0
  2.000000e+4 3.808216e+0 2.100900e+4 3.806037e+0 2.243800e+4 3.802951e+0
  2.386700e+4 3.799865e+0 2.500000e+4 3.797418e+0 2.529600e+4 3.796785e+0
  2.672500e+4 3.793728e+0 2.815500e+4 3.790668e+0 2.958400e+4 3.787610e+0
  3.000000e+4 3.786720e+0 3.101300e+4 3.784563e+0 3.244200e+4 3.781520e+0
  3.387100e+4 3.778476e+0 3.530000e+4 3.775433e+0 3.673000e+4 3.772387e+0
  3.815900e+4 3.769344e+0 3.958800e+4 3.766301e+0 4.000000e+4 3.765423e+0
  4.101700e+4 3.763278e+0 4.244600e+4 3.760263e+0 4.387600e+4 3.757246e+0
  4.530500e+4 3.754231e+0 4.673400e+4 3.751216e+0 4.816300e+4 3.748202e+0
  4.959200e+4 3.745187e+0 5.000000e+4 3.744326e+0 5.102100e+4 3.742211e+0
  5.245100e+4 3.739248e+0 5.388000e+4 3.736288e+0 5.530900e+4 3.733327e+0
  5.673800e+4 3.730367e+0 5.816700e+4 3.727406e+0 5.959700e+4 3.724443e+0
  6.102600e+4 3.721483e+0 6.245500e+4 3.718522e+0 6.250000e+4 3.718429e+0
  6.388400e+4 3.715617e+0 6.531300e+4 3.712714e+0 6.674200e+4 3.709810e+0
  6.817190e+4 3.706905e+0 6.960090e+4 3.704002e+0 7.102990e+4 3.701098e+0
  7.245890e+4 3.698195e+0 7.388800e+4 3.695291e+0 7.499990e+4 3.693032e+0
  7.500000e+4 3.693032e+0 7.531790e+4 3.692399e+0 7.674690e+4 3.689553e+0
  7.817590e+4 3.686706e+0 7.960490e+4 3.683860e+0 8.103390e+4 3.681014e+0
  8.246400e+4 3.678165e+0 8.389300e+4 3.675319e+0 8.532200e+4 3.672473e+0
  8.675100e+4 3.669626e+0 8.750000e+4 3.668135e+0 8.817990e+4 3.666808e+0
  8.960890e+4 3.664018e+0 9.103900e+4 3.661227e+0 9.246800e+4 3.658438e+0
  9.389700e+4 3.655649e+0 9.532600e+4 3.652860e+0 9.675500e+4 3.650071e+0
  9.818490e+4 3.647280e+0 9.961390e+4 3.644491e+0 1.000000e+5 3.643737e+0
  1.010400e+5 3.641782e+0 1.024700e+5 3.639094e+0 1.039000e+5 3.636406e+0
  1.053300e+5 3.633718e+0 1.067600e+5 3.631029e+0 1.081900e+5 3.628341e+0
  1.096200e+5 3.625653e+0 1.110500e+5 3.622965e+0 1.124800e+5 3.620277e+0
  1.139100e+5 3.617589e+0 1.153300e+5 3.614919e+0 1.167600e+5 3.612231e+0
  1.181900e+5 3.609543e+0 1.196200e+5 3.606855e+0 1.210500e+5 3.604167e+0
  1.224800e+5 3.601479e+0 1.239100e+5 3.598790e+0 1.250000e+5 3.596741e+0
  1.253400e+5 3.596142e+0 1.267700e+5 3.593619e+0 1.282000e+5 3.591097e+0
  1.296300e+5 3.588575e+0 1.310600e+5 3.586053e+0 1.324800e+5 3.583548e+0
  1.339100e+5 3.581026e+0 1.353400e+5 3.578503e+0 1.367700e+5 3.575981e+0
  1.382000e+5 3.573459e+0 1.396300e+5 3.570937e+0 1.410600e+5 3.568414e+0
  1.424900e+5 3.565892e+0 1.439200e+5 3.563370e+0 1.453500e+5 3.560847e+0
  1.467800e+5 3.558325e+0 1.482100e+5 3.555803e+0 1.496400e+5 3.553281e+0
  1.500000e+5 3.552646e+0 1.510600e+5 3.550933e+0 1.524900e+5 3.548622e+0
  1.539200e+5 3.546312e+0 1.553500e+5 3.544001e+0 1.567800e+5 3.541690e+0
  1.582100e+5 3.539380e+0 1.596400e+5 3.537069e+0 1.610700e+5 3.534758e+0
  1.625000e+5 3.532448e+0 1.639300e+5 3.530137e+0 1.653600e+5 3.527826e+0
  1.667900e+5 3.525516e+0 1.682100e+5 3.523221e+0 1.696400e+5 3.520911e+0
  1.710700e+5 3.518600e+0 1.725000e+5 3.516289e+0 1.739300e+5 3.513979e+0
  1.750000e+5 3.512250e+0 1.753600e+5 3.511744e+0 1.767900e+5 3.509737e+0
  1.782200e+5 3.507729e+0 1.796500e+5 3.505722e+0 1.810800e+5 3.503714e+0
  1.825100e+5 3.501707e+0 1.839400e+5 3.499699e+0 1.853600e+5 3.497706e+0
  1.867900e+5 3.495698e+0 1.882200e+5 3.493691e+0 1.896500e+5 3.491683e+0
  1.910800e+5 3.489676e+0 1.925100e+5 3.487668e+0 1.939400e+5 3.485661e+0
  1.953700e+5 3.483653e+0 1.968000e+5 3.481646e+0 1.982300e+5 3.479638e+0
  1.996600e+5 3.477631e+0 2.000000e+5 3.477154e+0 2.010900e+5 3.475906e+0
  2.025200e+5 3.474269e+0 2.039400e+5 3.472643e+0 2.053700e+5 3.471006e+0
  2.068000e+5 3.469369e+0 2.082300e+5 3.467732e+0 2.096600e+5 3.466095e+0
  2.110900e+5 3.464457e+0 2.125200e+5 3.462820e+0 2.139500e+5 3.461183e+0
  2.153800e+5 3.459546e+0 2.168100e+5 3.457909e+0 2.182400e+5 3.456272e+0
  2.196700e+5 3.454635e+0 2.200000e+5 3.454257e+0 2.210900e+5 3.453369e+0
  2.225200e+5 3.452204e+0 2.239500e+5 3.451038e+0 2.253800e+5 3.449873e+0
  2.268100e+5 3.448708e+0 2.282400e+5 3.447543e+0 2.296700e+5 3.446378e+0
  2.311000e+5 3.445212e+0 2.325300e+5 3.444047e+0 2.339600e+5 3.442882e+0
  2.353900e+5 3.441717e+0 2.368200e+5 3.440552e+0 2.382400e+5 3.439395e+0
  2.396700e+5 3.438230e+0 2.400000e+5 3.437961e+0 2.411000e+5 3.437603e+0
  2.425300e+5 3.437139e+0 2.439600e+5 3.436674e+0 2.453900e+5 3.436210e+0
  2.468200e+5 3.435745e+0 2.482500e+5 3.435281e+0 2.496800e+5 3.434817e+0
  2.511100e+5 3.434352e+0 2.525400e+5 3.433888e+0 2.539700e+5 3.433423e+0
  2.553900e+5 3.432962e+0 2.568200e+5 3.432498e+0 2.582500e+5 3.432033e+0
  2.596800e+5 3.431569e+0 2.600000e+5 3.431465e+0 2.611100e+5 3.431937e+0
  2.625400e+5 3.432545e+0 2.639700e+5 3.433153e+0 2.654000e+5 3.433761e+0
  2.668300e+5 3.434369e+0 2.682600e+5 3.434977e+0 2.696900e+5 3.435585e+0
  2.711200e+5 3.436193e+0 2.725500e+5 3.436802e+0 2.739700e+5 3.437405e+0
  2.754000e+5 3.438014e+0 2.768300e+5 3.438622e+0 2.782600e+5 3.439230e+0
  2.796900e+5 3.439838e+0 2.800000e+5 3.439970e+0 2.811200e+5 3.441818e+0
  2.825500e+5 3.444178e+0 2.839800e+5 3.446538e+0 2.854100e+5 3.448898e+0
  2.868400e+5 3.451258e+0 2.882700e+5 3.453618e+0 2.897000e+5 3.455978e+0
  2.911200e+5 3.458321e+0 2.925500e+5 3.460681e+0 2.939800e+5 3.463041e+0
  2.954100e+5 3.465401e+0 2.968400e+5 3.467761e+0 2.982700e+5 3.470121e+0
  2.997000e+5 3.472481e+0 3.000000e+5 3.472976e+0 3.011300e+5 3.476457e+0
  3.025600e+5 3.480862e+0 3.039900e+5 3.485267e+0 3.054200e+5 3.489672e+0
  3.068500e+5 3.494077e+0 3.082700e+5 3.498451e+0 3.097000e+5 3.502856e+0
  3.100000e+5 3.503780e+0 3.111300e+5 3.508866e+0 3.125600e+5 3.515302e+0
  3.139900e+5 3.521737e+0 3.154200e+5 3.528173e+0 3.168500e+5 3.534609e+0
  3.182800e+5 3.541045e+0 3.197100e+5 3.547480e+0 3.200000e+5 3.548785e+0
  3.211400e+5 3.556139e+0 3.225700e+5 3.565363e+0 3.240000e+5 3.574588e+0
  3.254200e+5 3.583748e+0 3.268500e+5 3.592972e+0 3.282800e+5 3.602196e+0
  3.297100e+5 3.611421e+0 3.300000e+5 3.613292e+0 3.311400e+5 3.623826e+0
  3.325700e+5 3.637040e+0 3.340000e+5 3.650255e+0 3.354300e+5 3.663469e+0
  3.368600e+5 3.676683e+0 3.382900e+5 3.689898e+0 3.397200e+5 3.703112e+0
  3.400000e+5 3.705700e+0 3.411500e+5 3.721053e+0 3.425800e+5 3.740145e+0
  3.440000e+5 3.759104e+0 3.454300e+5 3.778196e+0 3.468600e+5 3.797288e+0
  3.482900e+5 3.816380e+0 3.497200e+5 3.835472e+0 3.500000e+5 3.839210e+0
  3.511500e+5 3.861752e+0 3.525800e+5 3.889782e+0 3.540100e+5 3.917811e+0
  3.554400e+5 3.945842e+0 3.568700e+5 3.973872e+0 3.583000e+5 4.001902e+0
  3.597300e+5 4.029932e+0 3.600000e+5 4.035225e+0 3.611500e+5 4.069152e+0
  3.625800e+5 4.111339e+0 3.640100e+5 4.153527e+0 3.654400e+5 4.195715e+0
  3.668700e+5 4.237903e+0 3.683000e+5 4.280091e+0 3.697300e+5 4.322280e+0
  3.700000e+5 4.330246e+0 3.711600e+5 4.383492e+0 3.725900e+5 4.449133e+0
  3.740200e+5 4.514774e+0 3.754500e+5 4.580416e+0 3.768800e+5 4.646057e+0
  3.783000e+5 4.711240e+0 3.797300e+5 4.776883e+0 3.800000e+5 4.789277e+0
  3.811600e+5 4.875631e+0 3.825900e+5 4.982087e+0 3.840200e+5 5.088542e+0
  3.854500e+5 5.194998e+0 3.868800e+5 5.301455e+0 3.883100e+5 5.407912e+0
  3.897400e+5 5.514369e+0 3.900000e+5 5.533725e+0 3.911700e+5 5.681200e+0
  3.926000e+5 5.861447e+0 3.940300e+5 6.041694e+0 3.954500e+5 6.220682e+0
  3.968800e+5 6.400931e+0 3.983100e+5 6.581182e+0 3.997400e+5 6.761433e+0
  4.000000e+5 6.794206e+0 4.011700e+5 7.015161e+0 4.026000e+5 7.285219e+0
  4.040300e+5 7.555278e+0 4.050000e+5 7.738465e+0 4.054600e+5 7.852570e+0
  4.068900e+5 8.207287e+0 4.083200e+5 8.562007e+0 4.097500e+5 8.916727e+0
  4.100000e+5 8.978742e+0 4.111800e+5 9.353931e+0 4.126100e+5 9.808612e+0
  4.140300e+5 1.026012e+1 4.150000e+5 1.056854e+1 4.154600e+5 1.074463e+1
  4.168900e+5 1.129207e+1 4.183200e+5 1.183951e+1 4.197500e+5 1.238694e+1
  4.200000e+5 1.248265e+1 4.211800e+5 1.295680e+1 4.226100e+5 1.353140e+1
  4.240400e+5 1.410601e+1 4.250000e+5 1.449175e+1 4.254700e+5 1.463953e+1
  4.269000e+5 1.508915e+1 4.283300e+5 1.553876e+1 4.297600e+5 1.598837e+1
  4.300000e+5 1.606382e+1 4.311800e+5 1.618065e+1 4.326100e+5 1.632223e+1
  4.340400e+5 1.646379e+1 4.350000e+5 1.655883e+1 4.354700e+5 1.648419e+1
  4.369000e+5 1.625709e+1 4.383300e+5 1.602999e+1 4.397600e+5 1.580288e+1
  4.400000e+5 1.576476e+1 4.411900e+5 1.536966e+1 4.426200e+5 1.489487e+1
  4.440500e+5 1.442008e+1 4.450000e+5 1.410466e+1 4.454800e+5 1.392234e+1
  4.469100e+5 1.337920e+1 4.483300e+5 1.283985e+1 4.497600e+5 1.229671e+1
  4.500000e+5 1.220555e+1 4.511900e+5 1.179260e+1 4.526200e+5 1.129636e+1
  4.540500e+5 1.080012e+1 4.550000e+5 1.047046e+1 4.554800e+5 1.033309e+1
  4.569100e+5 9.923859e+0 4.583400e+5 9.514628e+0 4.597700e+5 9.105399e+0
  4.600000e+5 9.039580e+0 4.612000e+5 8.768484e+0 4.626300e+5 8.445430e+0
  4.640600e+5 8.122376e+0 4.650000e+5 7.910021e+0 4.654800e+5 7.825660e+0
  4.669100e+5 7.574338e+0 4.683400e+5 7.323017e+0 4.697700e+5 7.071697e+0
  4.700000e+5 7.031275e+0 4.712000e+5 6.867058e+0 4.726300e+5 6.671366e+0
  4.740600e+5 6.475675e+0 4.750000e+5 6.347040e+0 4.754900e+5 6.294411e+0
  4.769200e+5 6.140821e+0 4.783500e+5 5.987231e+0 4.797800e+5 5.833642e+0
  4.800000e+5 5.810013e+0 4.812100e+5 5.706842e+0 4.826400e+5 5.584914e+0
  4.840600e+5 5.463839e+0 4.850000e+5 5.383691e+0 4.854900e+5 5.350114e+0
  4.869200e+5 5.252125e+0 4.883500e+5 5.154137e+0 4.897800e+5 5.056149e+0
  4.900000e+5 5.041074e+0 4.912100e+5 4.973576e+0 4.926400e+5 4.893807e+0
  4.940700e+5 4.814038e+0 4.950000e+5 4.762160e+0 4.955000e+5 4.739179e+0
  4.969300e+5 4.673453e+0 4.983600e+5 4.607727e+0 5.000000e+5 4.532349e+0
  5.100000e+5 4.179248e+0 5.200000e+5 3.923547e+0 5.300000e+5 3.731546e+0
  5.400000e+5 3.582645e+0 5.500000e+5 3.463944e+0 5.600000e+5 3.367243e+0
  5.700000e+5 3.286642e+0 5.800000e+5 3.218341e+0 5.900000e+5 3.159540e+0
  6.000000e+5 3.108239e+0 6.200000e+5 3.022537e+0 6.400000e+5 2.953335e+0
  6.600000e+5 2.895933e+0 6.800000e+5 2.847831e+0 7.000000e+5 2.807329e+0
  7.200000e+5 2.773928e+0 7.400000e+5 2.747626e+0 7.600000e+5 2.729124e+0
  7.800000e+5 2.720022e+0 8.000000e+5 2.723120e+0 8.200000e+5 2.743118e+0
  8.400000e+5 2.787816e+0 8.600000e+5 2.870614e+0 8.800000e+5 3.015012e+0
  9.000000e+5 3.264110e+0 9.100000e+5 3.450709e+0 9.200000e+5 3.697708e+0
  9.300000e+5 4.025307e+0 9.400000e+5 4.458106e+0 9.500000e+5 5.021205e+0
  9.600000e+5 5.727304e+0 9.700000e+5 6.508089e+0 9.800000e+5 7.364202e+0
  9.900000e+5 7.970001e+0 1.000000e+6 8.154100e+0 1.010000e+6 7.870400e+0
  1.020000e+6 7.267500e+0 1.030000e+6 6.551400e+0 1.040000e+6 5.865400e+0
  1.050000e+6 5.271300e+0 1.060000e+6 4.780600e+0 1.070000e+6 4.382900e+0
  1.080000e+6 4.061700e+0 1.090000e+6 3.801400e+0 1.100000e+6 3.588700e+0
  1.110000e+6 3.413939e+0 1.120000e+6 3.267700e+0 1.130000e+6 3.145051e+0
  1.140000e+6 3.042200e+0 1.150000e+6 2.954813e+0 1.160000e+6 2.880100e+0
  1.170000e+6 2.817376e+0 1.180000e+6 2.764400e+0 1.190000e+6 2.722014e+0
  1.200000e+6 2.688700e+0 1.210000e+6 2.666930e+0 1.220000e+6 2.658000e+0
  1.230000e+6 2.667501e+0 1.240000e+6 2.698700e+0 1.250000e+6 2.768300e+0
  1.260000e+6 2.898900e+0 1.270000e+6 3.136900e+0 1.280000e+6 3.572700e+0
  1.285000e+6 3.912500e+0 1.290000e+6 4.366000e+0 1.295000e+6 4.947700e+0
  1.300000e+6 5.628900e+0 1.305000e+6 6.287000e+0 1.310000e+6 6.699700e+0
  1.315000e+6 6.682100e+0 1.320000e+6 6.266300e+0 1.325000e+6 5.655700e+0
  1.330000e+6 5.038100e+0 1.340000e+6 4.072900e+0 1.350000e+6 3.467700e+0
  1.360000e+6 3.090500e+0 1.370000e+6 2.844200e+0 1.380000e+6 2.674300e+0
  1.390000e+6 2.551000e+0 1.400000e+6 2.457400e+0 1.450000e+6 2.194200e+0
  1.500000e+6 2.057000e+0 1.550000e+6 1.961400e+0 1.600000e+6 1.890300e+0
  1.620000e+6 1.880400e+0 1.630000e+6 1.902500e+0 1.640000e+6 2.068400e+0
  1.642000e+6 2.187700e+0 1.643000e+6 2.283500e+0 1.644000e+6 2.422000e+0
  1.645000e+6 2.630700e+0 1.646000e+6 2.961600e+0 1.647000e+6 3.517600e+0
  1.648000e+6 4.500600e+0 1.648500e+6 5.250200e+0 1.649000e+6 6.213800e+0
  1.649500e+6 7.339300e+0 1.650000e+6 8.389000e+0 1.650500e+6 8.928300e+0
  1.651000e+6 8.646500e+0 1.651500e+6 7.715100e+0 1.652000e+6 6.579300e+0
  1.653000e+6 4.733400e+0 1.654000e+6 3.649400e+0 1.655000e+6 3.036900e+0
  1.656000e+6 2.673800e+0 1.657000e+6 2.445400e+0 1.658000e+6 2.293800e+0
  1.659000e+6 2.188600e+0 1.660000e+6 2.112600e+0 1.665000e+6 1.929200e+0
  1.670000e+6 1.861200e+0 1.675000e+6 1.826500e+0 1.680000e+6 1.804600e+0
  1.682000e+6 1.797209e+0 1.684000e+6 1.791470e+0 1.685000e+6 1.788900e+0
  1.686000e+6 1.807118e+0 1.687000e+6 1.854891e+0 1.688000e+6 1.914020e+0
  1.689000e+6 1.964495e+0 1.690000e+6 1.984400e+0 1.691000e+6 1.958973e+0
  1.692000e+6 1.903461e+0 1.694000e+6 1.788058e+0 1.695000e+6 1.765600e+0
  1.696000e+6 1.763561e+0 1.698000e+6 1.759607e+0 1.700000e+6 1.756000e+0
  1.720000e+6 1.722900e+0 1.740000e+6 1.692400e+0 1.760000e+6 1.660700e+0
  1.780000e+6 1.624800e+0 1.800000e+6 1.579300e+0 1.820000e+6 1.569800e+0
  1.822000e+6 1.605700e+0 1.824000e+6 1.683300e+0 1.826000e+6 1.853100e+0
  1.828000e+6 2.239400e+0 1.830000e+6 3.096500e+0 1.831000e+6 3.746400e+0
  1.832000e+6 4.387000e+0 1.833000e+6 4.736600e+0 1.834000e+6 4.656800e+0
  1.835000e+6 4.296400e+0 1.836000e+6 3.868600e+0 1.837000e+6 3.485700e+0
  1.838000e+6 3.176400e+0 1.839000e+6 2.934700e+0 1.840000e+6 2.746700e+0
  1.842000e+6 2.482800e+0 1.844000e+6 2.312800e+0 1.846000e+6 2.197600e+0
  1.848000e+6 2.116300e+0 1.850000e+6 2.056900e+0 1.852000e+6 2.012700e+0
  1.854000e+6 1.979300e+0 1.856000e+6 1.954000e+0 1.858000e+6 1.935200e+0
  1.860000e+6 1.921600e+0 1.865000e+6 1.906600e+0 1.870000e+6 1.916200e+0
  1.875000e+6 1.953300e+0 1.880000e+6 2.028400e+0 1.885000e+6 2.161600e+0
  1.890000e+6 2.383200e+0 1.895000e+6 2.712900e+0 1.900000e+6 3.066100e+0
  1.905000e+6 3.182400e+0 1.910000e+6 2.959400e+0 1.915000e+6 2.624900e+0
  1.920000e+6 2.347700e+0 1.925000e+6 2.151800e+0 1.930000e+6 2.016800e+0
  1.935000e+6 1.921800e+0 1.940000e+6 1.852800e+0 1.950000e+6 1.760300e+0
  1.960000e+6 1.701300e+0 1.970000e+6 1.659500e+0 1.980000e+6 1.627600e+0
  1.990000e+6 1.601700e+0 2.000000e+6 1.579600e+0 2.050000e+6 1.495200e+0
  2.100000e+6 1.422100e+0 2.150000e+6 1.339000e+0 2.200000e+6 1.220600e+0
  2.220000e+6 1.152200e+0 2.240000e+6 1.062500e+0 2.260000e+6 9.415400e-1
  2.280000e+6 7.773500e-1 2.300000e+6 5.633600e-1 2.305000e+6 5.036000e-1
  2.310000e+6 4.427600e-1 2.315000e+6 3.820600e-1 2.320000e+6 3.230400e-1
  2.321000e+6 3.116000e-1 2.322000e+6 3.003100e-1 2.323000e+6 2.892000e-1
  2.324000e+6 2.782800e-1 2.325000e+6 2.675600e-1 2.326000e+6 2.570600e-1
  2.327000e+6 2.468100e-1 2.328000e+6 2.368100e-1 2.329000e+6 2.270800e-1
  2.330000e+6 2.176400e-1 2.331000e+6 2.085100e-1 2.332000e+6 1.997100e-1
  2.333000e+6 1.912400e-1 2.334000e+6 1.831300e-1 2.335000e+6 1.753900e-1
  2.336000e+6 1.680300e-1 2.337000e+6 1.610700e-1 2.338000e+6 1.545200e-1
  2.339000e+6 1.484000e-1 2.340000e+6 1.427100e-1 2.341000e+6 1.374700e-1
  2.342000e+6 1.326900e-1 2.343000e+6 1.283800e-1 2.344000e+6 1.245300e-1
  2.345000e+6 1.211700e-1 2.346000e+6 1.183000e-1 2.347000e+6 1.159200e-1
  2.348000e+6 1.140300e-1 2.349000e+6 1.126300e-1 2.350000e+6 1.117400e-1
  2.351000e+6 1.113400e-1 2.352000e+6 1.114300e-1 2.353000e+6 1.120200e-1
  2.354000e+6 1.131000e-1 2.354170e+6 1.133245e-1 2.355000e+6 1.146500e-1
  2.355318e+6 1.152584e-1 2.355319e+6 1.152604e-1 2.355357e+6 1.153358e-1
  2.357000e+6 1.191900e-1 2.358000e+6 1.221600e-1 2.359000e+6 1.255800e-1
  2.360000e+6 1.294300e-1 2.361000e+6 1.337200e-1 2.362000e+6 1.384300e-1
  2.363000e+6 1.435400e-1 2.364000e+6 1.490400e-1 2.365000e+6 1.549200e-1
  2.366000e+6 1.611600e-1 2.367000e+6 1.677500e-1 2.368000e+6 1.746700e-1
  2.370000e+6 1.894400e-1 2.375000e+6 2.310700e-1 2.380000e+6 2.777700e-1
  2.390000e+6 3.789800e-1 2.400000e+6 4.808000e-1 2.410000e+6 5.756000e-1
  2.420000e+6 6.597800e-1 2.430000e+6 7.323800e-1 2.440000e+6 7.939100e-1
  2.450000e+6 8.455400e-1 2.460000e+6 8.886300e-1 2.470000e+6 9.245200e-1
  2.480000e+6 9.543700e-1 2.490000e+6 9.792200e-1 2.500000e+6 9.999100e-1
  2.520000e+6 1.031500e+0 2.540000e+6 1.053400e+0 2.560000e+6 1.068500e+0
  2.580000e+6 1.078700e+0 2.600000e+6 1.085400e+0 2.650000e+6 1.092600e+0
  2.700000e+6 1.092900e+0 2.750000e+6 1.091300e+0 2.800000e+6 1.092000e+0
  2.850000e+6 1.100600e+0 2.860000e+6 1.104900e+0 2.870000e+6 1.112200e+0
  2.880000e+6 1.130800e+0 2.882000e+6 1.140100e+0 2.884000e+6 1.156600e+0
  2.886000e+6 1.195300e+0 2.887000e+6 1.244300e+0 2.888000e+6 1.391900e+0
  2.888200e+6 1.463000e+0 2.888400e+6 1.574400e+0 2.888500e+6 1.655900e+0
  2.888600e+6 1.765400e+0 2.888700e+6 1.916300e+0 2.888800e+6 2.128000e+0
  2.888900e+6 2.420700e+0 2.889000e+6 2.774900e+0 2.889100e+6 3.001100e+0
  2.889200e+6 2.737600e+0 2.889300e+6 2.095400e+0 2.889400e+6 1.563300e+0
  2.889500e+6 1.261000e+0 2.889600e+6 1.107100e+0 2.889700e+6 1.030300e+0
  2.889800e+6 9.922500e-1 2.890000e+6 9.666600e-1 2.890500e+6 9.773400e-1
  2.891000e+6 9.986100e-1 2.892000e+6 1.028400e+0 2.894000e+6 1.057500e+0
  2.896000e+6 1.071600e+0 2.898000e+6 1.080100e+0 2.900000e+6 1.085900e+0
  2.950000e+6 1.137100e+0 3.000000e+6 1.206600e+0 3.005000e+6 1.229700e+0
  3.005500e+6 1.237200e+0 3.006000e+6 1.251100e+0 3.006100e+6 1.255600e+0
  3.006200e+6 1.261000e+0 3.006300e+6 1.267900e+0 3.006400e+6 1.276900e+0
  3.006500e+6 1.289000e+0 3.006600e+6 1.306400e+0 3.006700e+6 1.333400e+0
  3.006800e+6 1.380500e+0 3.006900e+6 1.479800e+0 3.007000e+6 1.782700e+0
  3.007100e+6 3.064000e+0 3.007200e+6 1.312600e+0 3.007300e+6 1.128500e+0
  3.007400e+6 1.128100e+0 3.007500e+6 1.139600e+0 3.007600e+6 1.150100e+0
  3.007700e+6 1.158500e+0 3.007800e+6 1.165200e+0 3.007900e+6 1.170600e+0
  3.008000e+6 1.175100e+0 3.008200e+6 1.182000e+0 3.008400e+6 1.187100e+0
  3.008600e+6 1.191000e+0 3.008800e+6 1.194200e+0 3.009000e+6 1.196800e+0
  3.010000e+6 1.205500e+0 3.015000e+6 1.223800e+0 3.020000e+6 1.236200e+0
  3.040000e+6 1.287000e+0 3.050000e+6 1.316300e+0 3.060000e+6 1.349100e+0
  3.080000e+6 1.427000e+0 3.100000e+6 1.524200e+0 3.120000e+6 1.644200e+0
  3.140000e+6 1.789800e+0 3.160000e+6 1.962500e+0 3.170000e+6 2.058500e+0
  3.180000e+6 2.160500e+0 3.190000e+6 2.268100e+0 3.200000e+6 2.386200e+0
  3.201000e+6 2.399700e+0 3.202000e+6 2.414000e+0 3.203000e+6 2.429600e+0
  3.204000e+6 2.447000e+0 3.205000e+6 2.467300e+0 3.206000e+6 2.492700e+0
  3.207000e+6 2.527500e+0 3.208000e+6 2.582500e+0 3.209000e+6 2.687600e+0
  3.210000e+6 2.955000e+0 3.210500e+6 3.277500e+0 3.211000e+6 3.936000e+0
  3.211100e+6 4.128000e+0 3.211200e+6 4.338900e+0 3.211300e+6 4.562000e+0
  3.211400e+6 4.784500e+0 3.211500e+6 4.986900e+0 3.211600e+6 5.144700e+0
  3.211700e+6 5.234100e+0 3.211800e+6 5.239100e+0 3.211900e+6 5.158600e+0
  3.212000e+6 5.006700e+0 3.212200e+6 4.583600e+0 3.212400e+6 4.144100e+0
  3.212600e+6 3.776200e+0 3.212800e+6 3.494700e+0 3.213000e+6 3.286000e+0
  3.213200e+6 3.132000e+0 3.213400e+6 3.017300e+0 3.213600e+6 2.931000e+0
  3.213800e+6 2.864900e+0 3.214000e+6 2.813800e+0 3.214200e+6 2.773600e+0
  3.214400e+6 2.741700e+0 3.214600e+6 2.716100e+0 3.214800e+6 2.695400e+0
  3.215000e+6 2.678500e+0 3.216000e+6 2.629500e+0 3.217000e+6 2.610600e+0
  3.218000e+6 2.604600e+0 3.219000e+6 2.604900e+0 3.220000e+6 2.608800e+0
  3.222000e+6 2.622000e+0 3.224000e+6 2.638700e+0 3.226000e+6 2.657000e+0
  3.228000e+6 2.676000e+0 3.230000e+6 2.695200e+0 3.235000e+6 2.743600e+0
  3.240000e+6 2.790900e+0 3.245000e+6 2.836600e+0 3.250000e+6 2.880100e+0
  3.255000e+6 2.921100e+0 3.260000e+6 2.959500e+0 3.265000e+6 2.995000e+0
  3.270000e+6 3.027500e+0 3.275000e+6 3.056900e+0 3.280000e+6 3.083300e+0
  3.285000e+6 3.106500e+0 3.290000e+6 3.126600e+0 3.295000e+6 3.143700e+0
  3.300000e+6 3.157900e+0 3.305000e+6 3.169300e+0 3.310000e+6 3.178100e+0
  3.312000e+6 3.180900e+0 3.314000e+6 3.183300e+0 3.316000e+6 3.185400e+0
  3.318000e+6 3.187100e+0 3.320000e+6 3.188400e+0 3.322000e+6 3.189400e+0
  3.324000e+6 3.190000e+0 3.326000e+6 3.190400e+0 3.328000e+6 3.190400e+0
  3.330000e+6 3.190200e+0 3.332000e+6 3.189700e+0 3.334000e+6 3.188900e+0
  3.336000e+6 3.187900e+0 3.338000e+6 3.186600e+0 3.340000e+6 3.185100e+0
  3.345000e+6 3.180500e+0 3.350000e+6 3.174700e+0 3.355000e+6 3.167900e+0
  3.360000e+6 3.160200e+0 3.370000e+6 3.143100e+0 3.380000e+6 3.124300e+0
  3.390000e+6 3.104800e+0 3.400000e+6 3.089022e+0 3.400500e+6 3.088330e+0
  3.410000e+6 3.076172e+0 3.420000e+6 3.063900e+0 3.430000e+6 3.053100e+0
  3.435000e+6 3.054800e+0 3.436000e+6 3.058300e+0 3.437000e+6 3.065600e+0
  3.437500e+6 3.072800e+0 3.438000e+6 3.087500e+0 3.438500e+6 3.143300e+0
  3.439000e+6 3.978300e+0 3.439500e+6 4.043100e+0 3.440000e+6 3.602100e+0
  3.440500e+6 3.730000e+0 3.441000e+6 4.222500e+0 3.441500e+6 5.277800e+0
  3.441600e+6 5.479200e+0 3.441700e+6 5.609600e+0 3.441800e+6 5.638300e+0
  3.441900e+6 5.556500e+0 3.442000e+6 5.382300e+0 3.442500e+6 4.241800e+0
  3.443000e+6 3.642300e+0 3.443500e+6 3.385400e+0 3.444000e+6 3.261300e+0
  3.444500e+6 3.193400e+0 3.445000e+6 3.152400e+0 3.450000e+6 3.055200e+0
  3.455000e+6 3.038900e+0 3.460000e+6 3.031000e+0 3.465000e+6 3.025800e+0
  3.470000e+6 3.021900e+0 3.475000e+6 3.018800e+0 3.480000e+6 3.016500e+0
  3.490000e+6 3.013800e+0 3.500000e+6 3.013200e+0 3.510000e+6 3.014600e+0
  3.520000e+6 3.017800e+0 3.530000e+6 3.022500e+0 3.540000e+6 3.028600e+0
  3.550000e+6 3.035600e+0 3.560000e+6 3.043400e+0 3.570000e+6 3.051500e+0
  3.580000e+6 3.059500e+0 3.590000e+6 3.067100e+0 3.600000e+6 3.073800e+0
  3.610000e+6 3.079200e+0 3.620000e+6 3.082800e+0 3.630000e+6 3.084300e+0
  3.640000e+6 3.083400e+0 3.642000e+6 3.082900e+0 3.644000e+6 3.082300e+0
  3.645000e+6 3.082000e+0 3.645200e+6 3.082000e+0 3.645400e+6 3.082000e+0
  3.645600e+6 3.082100e+0 3.645800e+6 3.082300e+0 3.646000e+6 3.083100e+0
  3.646200e+6 3.088000e+0 3.646400e+6 3.107500e+0 3.646600e+6 3.084900e+0
  3.646800e+6 3.082300e+0 3.647000e+6 3.081600e+0 3.647200e+6 3.081300e+0
  3.647400e+6 3.081100e+0 3.647600e+6 3.081000e+0 3.647800e+6 3.080900e+0
  3.648000e+6 3.080700e+0 3.649000e+6 3.080200e+0 3.650000e+6 3.079700e+0
  3.651000e+6 3.079200e+0 3.652000e+6 3.078600e+0 3.653000e+6 3.078000e+0
  3.654000e+6 3.077400e+0 3.655000e+6 3.076800e+0 3.660000e+6 3.073100e+0
  3.665000e+6 3.068700e+0 3.670000e+6 3.063600e+0 3.675000e+6 3.057800e+0
  3.680000e+6 3.051300e+0 3.685000e+6 3.044200e+0 3.690000e+6 3.036600e+0
  3.695000e+6 3.028700e+0 3.700000e+6 3.020700e+0 3.710000e+6 3.005500e+0
  3.720000e+6 2.995800e+0 3.730000e+6 3.004000e+0 3.740000e+6 3.071300e+0
  3.745000e+6 3.171500e+0 3.750000e+6 3.401000e+0 3.755000e+6 3.984600e+0
  3.760000e+6 5.346200e+0 3.761000e+6 5.636400e+0 3.762000e+6 5.835700e+0
  3.763000e+6 5.892500e+0 3.764000e+6 5.789700e+0 3.765000e+6 5.555800e+0
  3.766000e+6 5.246300e+0 3.767000e+6 4.916200e+0 3.768000e+6 4.602700e+0
  3.769000e+6 4.324200e+0 3.770000e+6 4.085900e+0 3.772000e+6 3.719200e+0
  3.774000e+6 3.465100e+0 3.776000e+6 3.286600e+0 3.778000e+6 3.157500e+0
  3.780000e+6 3.061400e+0 3.785000e+6 2.904300e+0 3.790000e+6 2.809100e+0
  3.795000e+6 2.743100e+0 3.800000e+6 2.692600e+0 3.810000e+6 2.615100e+0
  3.820000e+6 2.553200e+0 3.830000e+6 2.499200e+0 3.840000e+6 2.450400e+0
  3.850000e+6 2.405700e+0 3.860000e+6 2.364600e+0 3.870000e+6 2.326900e+0
  3.880000e+6 2.292800e+0 3.890000e+6 2.262200e+0 3.900000e+6 2.235400e+0
  3.920000e+6 2.192500e+0 3.940000e+6 2.163000e+0 3.960000e+6 2.142100e+0
  3.980000e+6 2.118900e+0 4.000000e+6 2.068600e+0 4.010000e+6 2.018300e+0
  4.020000e+6 1.939000e+0 4.030000e+6 1.821800e+0 4.040000e+6 1.667600e+0
  4.050000e+6 1.497800e+0 4.060000e+6 1.349000e+0 4.070000e+6 1.246700e+0
  4.080000e+6 1.189800e+0 4.090000e+6 1.163400e+0 4.100000e+6 1.155100e+0
  4.110000e+6 1.161400e+0 4.120000e+6 1.188800e+0 4.130000e+6 1.252300e+0
  4.140000e+6 1.372500e+0 4.150000e+6 1.564000e+0 4.160000e+6 1.809900e+0
  4.165000e+6 1.934700e+0 4.170000e+6 2.046800e+0 4.175000e+6 2.137300e+0
  4.180000e+6 2.200500e+0 4.185000e+6 2.235300e+0 4.190000e+6 2.243800e+0
  4.195000e+6 2.230400e+0 4.200000e+6 2.200100e+0 4.205000e+6 2.157600e+0
  4.210000e+6 2.106800e+0 4.215000e+6 2.050700e+0 4.220000e+6 1.991400e+0
  4.225000e+6 1.930500e+0 4.230000e+6 1.869000e+0 4.235000e+6 1.807500e+0
  4.240000e+6 1.746600e+0 4.245000e+6 1.686500e+0 4.250000e+6 1.627700e+0
  4.255000e+6 1.570800e+0 4.260000e+6 1.517000e+0 4.265000e+6 1.468500e+0
  4.270000e+6 1.429600e+0 4.275000e+6 1.408000e+0 4.280000e+6 1.417300e+0
  4.285000e+6 1.479000e+0 4.290000e+6 1.617300e+0 4.295000e+6 1.841100e+0
  4.300000e+6 2.123700e+0 4.305000e+6 2.413000e+0 4.310000e+6 2.664900e+0
  4.315000e+6 2.855900e+0 4.320000e+6 2.976600e+0 4.321000e+6 2.992200e+0
  4.322000e+6 3.005100e+0 4.323000e+6 3.015300e+0 4.324000e+6 3.023000e+0
  4.325000e+6 3.028100e+0 4.326000e+6 3.031000e+0 4.327000e+6 3.031600e+0
  4.328000e+6 3.030000e+0 4.329000e+6 3.026600e+0 4.330000e+6 3.021300e+0
  4.335000e+6 2.972200e+0 4.340000e+6 2.897400e+0 4.345000e+6 2.810000e+0
  4.350000e+6 2.718900e+0 4.355000e+6 2.629700e+0 4.360000e+6 2.545100e+0
  4.370000e+6 2.393900e+0 4.380000e+6 2.267100e+0 4.390000e+6 2.161500e+0
  4.400000e+6 2.073700e+0 4.410000e+6 2.000900e+0 4.420000e+6 1.941700e+0
  4.430000e+6 1.896300e+0 4.440000e+6 1.868000e+0 4.445000e+6 1.862800e+0
  4.450000e+6 1.865800e+0 4.455000e+6 1.878000e+0 4.460000e+6 1.886800e+0
  4.462000e+6 1.874700e+0 4.464000e+6 1.835500e+0 4.466000e+6 1.751200e+0
  4.468000e+6 1.618200e+0 4.470000e+6 1.471500e+0 4.472000e+6 1.361700e+0
  4.475000e+6 1.293100e+0 4.480000e+6 1.298600e+0 4.485000e+6 1.324000e+0
  4.490000e+6 1.339300e+0 4.495000e+6 1.344500e+0 4.500000e+6 1.342400e+0
  4.505000e+6 1.335200e+0 4.510000e+6 1.324700e+0 4.515000e+6 1.313800e+0
  4.520000e+6 1.312000e+0 4.521000e+6 1.315400e+0 4.522000e+6 1.321300e+0
  4.523000e+6 1.331000e+0 4.524000e+6 1.346200e+0 4.525000e+6 1.369600e+0
  4.526000e+6 1.405300e+0 4.527000e+6 1.459800e+0 4.528000e+6 1.543300e+0
  4.529000e+6 1.670900e+0 4.530000e+6 1.863100e+0 4.531000e+6 2.138600e+0
  4.532000e+6 2.487500e+0 4.533000e+6 2.827600e+0 4.534000e+6 3.017600e+0
  4.535000e+6 2.989500e+0 4.536000e+6 2.813600e+0 4.537000e+6 2.594700e+0
  4.538000e+6 2.392400e+0 4.539000e+6 2.224600e+0 4.540000e+6 2.090500e+0
  4.545000e+6 1.729900e+0 4.550000e+6 1.584700e+0 4.555000e+6 1.508200e+0
  4.560000e+6 1.459900e+0 4.565000e+6 1.425700e+0 4.570000e+6 1.399500e+0
  4.575000e+6 1.378600e+0 4.580000e+6 1.361600e+0 4.585000e+6 1.348200e+0
  4.590000e+6 1.340200e+0 4.591000e+6 1.339684e+0 4.592000e+6 1.340236e+0
  4.593000e+6 1.341795e+0 4.594000e+6 1.344302e+0 4.595000e+6 1.347700e+0
  4.596000e+6 1.354400e+0 4.597000e+6 1.365000e+0 4.598000e+6 1.381200e+0
  4.599000e+6 1.404500e+0 4.600000e+6 1.433700e+0 4.601000e+6 1.458600e+0
  4.601500e+6 1.463700e+0 4.602000e+6 1.461600e+0 4.602500e+6 1.452600e+0
  4.603000e+6 1.438700e+0 4.604000e+6 1.406200e+0 4.605000e+6 1.377600e+0
  4.610000e+6 1.317400e+0 4.615000e+6 1.307300e+0 4.620000e+6 1.316800e+0
  4.625000e+6 1.356500e+0 4.626000e+6 1.371500e+0 4.627000e+6 1.390400e+0
  4.628000e+6 1.414600e+0 4.629000e+6 1.445500e+0 4.630000e+6 1.485800e+0
  4.631000e+6 1.538500e+0 4.632000e+6 1.608200e+0 4.633000e+6 1.700900e+0
  4.634000e+6 1.822600e+0 4.635000e+6 1.976200e+0 4.636000e+6 2.150600e+0
  4.637000e+6 2.304400e+0 4.638000e+6 2.366500e+0 4.639000e+6 2.291300e+0
  4.640000e+6 2.115000e+0 4.645000e+6 1.427000e+0 4.650000e+6 1.252400e+0
  4.655000e+6 1.193500e+0 4.660000e+6 1.164300e+0 4.665000e+6 1.145400e+0
  4.670000e+6 1.130700e+0 4.675000e+6 1.118200e+0 4.680000e+6 1.106900e+0
  4.685000e+6 1.096200e+0 4.690000e+6 1.086000e+0 4.695000e+6 1.076000e+0
  4.700000e+6 1.066200e+0 4.705000e+6 1.056600e+0 4.710000e+6 1.047200e+0
  4.715000e+6 1.037900e+0 4.720000e+6 1.028700e+0 4.725000e+6 1.019700e+0
  4.730000e+6 1.010800e+0 4.735000e+6 1.002200e+0 4.740000e+6 9.939900e-1
  4.745000e+6 9.861600e-1 4.750000e+6 9.789200e-1 4.755000e+6 9.724500e-1
  4.760000e+6 9.670500e-1 4.765000e+6 9.631200e-1 4.770000e+6 9.611900e-1
  4.775000e+6 9.620400e-1 4.780000e+6 9.667500e-1 4.785000e+6 9.768800e-1
  4.790000e+6 9.945800e-1 4.795000e+6 1.022900e+0 4.800000e+6 1.066100e+0
  4.805000e+6 1.129500e+0 4.810000e+6 1.219400e+0 4.815000e+6 1.341400e+0
  4.820000e+6 1.496000e+0 4.825000e+6 1.672300e+0 4.830000e+6 1.843500e+0
  4.832000e+6 1.902400e+0 4.834000e+6 1.952300e+0 4.835000e+6 1.973400e+0
  4.836000e+6 1.991700e+0 4.837000e+6 2.007000e+0 4.838000e+6 2.019500e+0
  4.839000e+6 2.029000e+0 4.840000e+6 2.035500e+0 4.841000e+6 2.039300e+0
  4.842000e+6 2.040300e+0 4.843000e+6 2.038800e+0 4.844000e+6 2.034800e+0
  4.845000e+6 2.028700e+0 4.850000e+6 1.971700e+0 4.855000e+6 1.888500e+0
  4.860000e+6 1.797300e+0 4.870000e+6 1.627200e+0 4.880000e+6 1.491000e+0
  4.890000e+6 1.386400e+0 4.900000e+6 1.305400e+0 4.910000e+6 1.241600e+0
  4.920000e+6 1.190300e+0 4.930000e+6 1.148600e+0 4.940000e+6 1.114500e+0
  4.950000e+6 1.087100e+0 4.960000e+6 1.065800e+0 4.970000e+6 1.051200e+0
  4.980000e+6 1.043900e+0 4.990000e+6 1.045900e+0 5.000000e+6 1.059500e+0
  5.010000e+6 1.088100e+0 5.020000e+6 1.135400e+0 5.030000e+6 1.204400e+0
  5.040000e+6 1.295400e+0 5.050000e+6 1.404700e+0 5.060000e+6 1.514700e+0
  5.070000e+6 1.613000e+0 5.080000e+6 1.691500e+0 5.090000e+6 1.758200e+0
  5.100000e+6 1.845500e+0 5.102000e+6 1.871100e+0 5.104000e+6 1.901400e+0
  5.106000e+6 1.937700e+0 5.108000e+6 1.981600e+0 5.110000e+6 2.035000e+0
  5.112000e+6 2.100300e+0 5.114000e+6 2.180400e+0 5.115000e+6 2.227100e+0
  5.116000e+6 2.278800e+0 5.117000e+6 2.336000e+0 5.118000e+6 2.399100e+0
  5.119000e+6 2.468500e+0 5.120000e+6 2.544600e+0 5.121000e+6 2.627400e+0
  5.122000e+6 2.716800e+0 5.123000e+6 2.812400e+0 5.124000e+6 2.913100e+0
  5.125000e+6 3.017100e+0 5.126000e+6 3.121900e+0 5.127000e+6 3.224200e+0
  5.128000e+6 3.319600e+0 5.129000e+6 3.403200e+0 5.130000e+6 3.469900e+0
  5.131000e+6 3.514900e+0 5.132000e+6 3.534400e+0 5.133000e+6 3.526500e+0
  5.134000e+6 3.491400e+0 5.135000e+6 3.431300e+0 5.136000e+6 3.349900e+0
  5.137000e+6 3.252300e+0 5.138000e+6 3.143700e+0 5.139000e+6 3.028900e+0
  5.140000e+6 2.912200e+0 5.142000e+6 2.685900e+0 5.144000e+6 2.481300e+0
  5.146000e+6 2.304400e+0 5.148000e+6 2.154800e+0 5.150000e+6 2.029700e+0
  5.155000e+6 1.799200e+0 5.160000e+6 1.647700e+0 5.165000e+6 1.542900e+0
  5.170000e+6 1.466600e+0 5.180000e+6 1.362100e+0 5.190000e+6 1.291800e+0
  5.200000e+6 1.239500e+0 5.210000e+6 1.197800e+0 5.220000e+6 1.163000e+0
  5.230000e+6 1.133000e+0 5.240000e+6 1.106500e+0 5.250000e+6 1.082700e+0
  5.260000e+6 1.061200e+0 5.270000e+6 1.041600e+0 5.280000e+6 1.023700e+0
  5.290000e+6 1.008100e+0 5.300000e+6 9.991700e-1 5.310000e+6 1.129900e+0
  5.320000e+6 9.350900e-1 5.330000e+6 9.679300e-1 5.340000e+6 1.634800e+0
  5.350000e+6 1.279700e+0 5.355000e+6 1.069000e+0 5.360000e+6 9.982500e-1
  5.365000e+6 9.628700e-1 5.366000e+6 9.581900e-1 5.367000e+6 9.545200e-1
  5.368000e+6 9.523500e-1 5.369000e+6 9.526500e-1 5.370000e+6 9.575000e-1
  5.371000e+6 9.710600e-1 5.372000e+6 1.000700e+0 5.373000e+6 1.053100e+0
  5.374000e+6 1.112200e+0 5.375000e+6 1.132900e+0 5.380000e+6 1.007400e+0
  5.385000e+6 9.641800e-1 5.390000e+6 9.451700e-1 5.395000e+6 9.335500e-1
  5.400000e+6 9.252900e-1 5.410000e+6 9.140200e-1 5.420000e+6 9.069800e-1
  5.430000e+6 9.030700e-1 5.440000e+6 9.020300e-1 5.450000e+6 9.039800e-1
  5.460000e+6 9.092300e-1 5.470000e+6 9.182900e-1 5.480000e+6 9.317900e-1
  5.490000e+6 9.505300e-1 5.500000e+6 9.754400e-1 5.510000e+6 1.007500e+0
  5.520000e+6 1.047900e+0 5.530000e+6 1.097600e+0 5.540000e+6 1.157300e+0
  5.550000e+6 1.227100e+0 5.560000e+6 1.306300e+0 5.570000e+6 1.392700e+0
  5.580000e+6 1.482700e+0 5.590000e+6 1.571000e+0 5.600000e+6 1.651600e+0
  5.605000e+6 1.687200e+0 5.610000e+6 1.718700e+0 5.615000e+6 1.745800e+0
  5.620000e+6 1.768000e+0 5.625000e+6 1.785100e+0 5.630000e+6 1.797300e+0
  5.635000e+6 1.804500e+0 5.639542e+6 1.806965e+0 5.639600e+6 1.806972e+0
  5.639633e+6 1.806975e+0 5.640000e+6 1.807000e+0 5.645000e+6 1.805300e+0
  5.650000e+6 1.799900e+0 5.655000e+6 1.791300e+0 5.660000e+6 1.780200e+0
  5.662000e+6 1.775179e+0 5.665000e+6 1.767500e+0 5.668000e+6 1.759625e+0
  5.670000e+6 1.754400e+0 5.672000e+6 1.749387e+0 5.675000e+6 1.742400e+0
  5.676000e+6 1.740343e+0 5.678000e+6 1.736885e+0 5.680000e+6 1.733500e+0
  5.685000e+6 1.722000e+0 5.690000e+6 1.687300e+0 5.695000e+6 1.644200e+0
  5.700000e+6 1.611100e+0 5.705000e+6 1.584200e+0 5.710000e+6 1.559900e+0
  5.715000e+6 1.536900e+0 5.720000e+6 1.514700e+0 5.725000e+6 1.493100e+0
  5.730000e+6 1.472200e+0 5.735000e+6 1.451800e+0 5.740000e+6 1.432000e+0
  5.745000e+6 1.412800e+0 5.750000e+6 1.394200e+0 5.755000e+6 1.376100e+0
  5.760000e+6 1.358700e+0 5.765000e+6 1.341800e+0 5.770000e+6 1.325500e+0
  5.775000e+6 1.309800e+0 5.780000e+6 1.294600e+0 5.785000e+6 1.280000e+0
  5.790000e+6 1.265900e+0 5.795000e+6 1.252300e+0 5.800000e+6 1.239300e+0
  5.805000e+6 1.226700e+0 5.810000e+6 1.214700e+0 5.815000e+6 1.203300e+0
  5.820000e+6 1.192300e+0 5.825000e+6 1.182000e+0 5.830000e+6 1.172200e+0
  5.835000e+6 1.163100e+0 5.840000e+6 1.154700e+0 5.845000e+6 1.147200e+0
  5.850000e+6 1.140600e+0 5.855000e+6 1.135200e+0 5.860000e+6 1.131200e+0
  5.865000e+6 1.129100e+0 5.870000e+6 1.129400e+0 5.875000e+6 1.133000e+0
  5.880000e+6 1.141200e+0 5.885000e+6 1.156100e+0 5.890000e+6 1.181000e+0
  5.895000e+6 1.221500e+0 5.900000e+6 1.287500e+0 5.905000e+6 1.396100e+0
  5.908000e+6 1.491884e+0 5.910000e+6 1.577600e+0 5.912000e+6 1.681685e+0
  5.915000e+6 1.874100e+0 5.916000e+6 1.949700e+0 5.917000e+6 2.030200e+0
  5.918000e+6 2.114400e+0 5.919000e+6 2.200900e+0 5.920000e+6 2.287200e+0
  5.921000e+6 2.370300e+0 5.922000e+6 2.446500e+0 5.923000e+6 2.511800e+0
  5.924000e+6 2.562100e+0 5.925000e+6 2.594000e+0 5.926000e+6 2.604900e+0
  5.927000e+6 2.593900e+0 5.928000e+6 2.562000e+0 5.929000e+6 2.511300e+0
  5.930000e+6 2.445300e+0 5.935000e+6 2.018100e+0 5.940000e+6 1.645200e+0
  5.945000e+6 1.392900e+0 5.950000e+6 1.225900e+0 5.955000e+6 1.109300e+0
  5.960000e+6 1.020800e+0 5.965000e+6 9.473300e-1 5.970000e+6 8.809600e-1
  5.975000e+6 8.181900e-1 5.980000e+6 7.656300e-1 5.982000e+6 7.549800e-1
  5.984000e+6 7.593800e-1 5.985000e+6 7.708183e-1 5.986000e+6 7.915100e-1
  5.988000e+6 8.705200e-1 5.990000e+6 1.016000e+0 5.992000e+6 1.225400e+0
  5.994000e+6 1.447500e+0 5.995000e+6 1.538800e+0 5.996000e+6 1.607400e+0
  5.997000e+6 1.651700e+0 5.998000e+6 1.673600e+0 5.999000e+6 1.677500e+0
  6.000000e+6 1.668100e+0 6.001000e+6 1.649700e+0 6.002000e+6 1.625800e+0
  6.003000e+6 1.598900e+0 6.004000e+6 1.570900e+0 6.006000e+6 1.515400e+0
  6.008000e+6 1.464200e+0 6.010000e+6 1.418600e+0 6.012000e+6 1.378600e+0
  6.014000e+6 1.343700e+0 6.015000e+6 1.327906e+0 6.016000e+6 1.313100e+0
  6.018000e+6 1.286200e+0 6.020000e+6 1.262500e+0 6.025000e+6 1.214100e+0
  6.030000e+6 1.177100e+0 6.035000e+6 1.148200e+0 6.040000e+6 1.125500e+0
  6.045000e+6 1.107800e+0 6.048000e+6 1.099421e+0 6.050000e+6 1.094700e+0
  6.052000e+6 1.090827e+0 6.054000e+6 1.087985e+0 6.055000e+6 1.086900e+0
  6.056000e+6 1.086110e+0 6.057000e+6 1.085695e+0 6.058000e+6 1.085634e+0
  6.059000e+6 1.085908e+0 6.060000e+6 1.086500e+0 6.061000e+6 1.087691e+0
  6.062000e+6 1.089600e+0 6.063000e+6 1.092228e+0 6.064000e+6 1.095600e+0
  6.065000e+6 1.100135e+0 6.066000e+6 1.105900e+0 6.067000e+6 1.113289e+0
  6.068000e+6 1.122800e+0 6.070000e+6 1.150400e+0 6.071000e+6 1.170400e+0
  6.072000e+6 1.196400e+0 6.073000e+6 1.230500e+0 6.074000e+6 1.275600e+0
  6.075000e+6 1.335100e+0 6.076000e+6 1.412500e+0 6.077000e+6 1.508100e+0
  6.078000e+6 1.612100e+0 6.079000e+6 1.694700e+0 6.080000e+6 1.712000e+0
  6.082000e+6 1.525200e+0 6.084000e+6 1.294800e+0 6.085000e+6 1.215258e+0
  6.086000e+6 1.156500e+0 6.088000e+6 1.082200e+0 6.090000e+6 1.040300e+0
  6.092000e+6 1.015000e+0 6.094000e+6 9.984300e-1 6.096000e+6 9.868900e-1
  6.098000e+6 9.784200e-1 6.100000e+6 9.718600e-1 6.102000e+6 9.665700e-1
  6.104000e+6 9.621800e-1 6.106000e+6 9.584200e-1 6.108000e+6 9.551200e-1
  6.110000e+6 9.521900e-1 6.115000e+6 9.459700e-1 6.120000e+6 9.408400e-1
  6.125000e+6 9.364700e-1 6.130000e+6 9.326900e-1 6.140000e+6 9.265200e-1
  6.150000e+6 9.218600e-1 6.160000e+6 9.184500e-1 6.170000e+6 9.160300e-1
  6.175000e+6 9.151181e-1 6.180000e+6 9.143500e-1 6.190000e+6 9.131000e-1
  6.200000e+6 9.120200e-1 6.210000e+6 9.108600e-1 6.220000e+6 9.094500e-1
  6.225000e+6 9.086532e-1 6.230000e+6 9.077700e-1 6.240000e+6 9.058700e-1
  6.250000e+6 9.039700e-1 6.260000e+6 8.979921e-1 6.270000e+6 8.960894e-1
  6.271000e+6 8.959582e-1 6.272170e+6 8.958157e-1 6.272271e+6 8.958048e-1
  6.272300e+6 8.958018e-1 6.275000e+6 8.955312e-1 6.280000e+6 8.950824e-1
  6.290000e+6 8.945675e-1 6.300000e+6 8.944651e-1 6.302000e+6 8.946126e-1
  6.304000e+6 8.950381e-1 6.306000e+6 8.956807e-1 6.308000e+6 8.964796e-1
  6.310000e+6 8.973742e-1 6.312000e+6 8.985660e-1 6.314000e+6 9.002587e-1
  6.316000e+6 9.023948e-1 6.318000e+6 9.049172e-1 6.320000e+6 9.077688e-1
  6.322000e+6 9.109472e-1 6.324000e+6 9.144695e-1 6.325000e+6 9.163507e-1
  6.326000e+6 9.183072e-1 6.328000e+6 9.224317e-1 6.330000e+6 9.268142e-1
  6.332000e+6 9.314256e-1 6.334000e+6 9.362363e-1 6.336000e+6 9.412165e-1
  6.338000e+6 9.463356e-1 6.340000e+6 9.515624e-1 6.342000e+6 9.571643e-1
  6.344000e+6 9.634065e-1 6.346000e+6 9.702546e-1 6.348000e+6 9.776739e-1
  6.350000e+6 9.856297e-1 6.352000e+6 9.945210e-1 6.354000e+6 1.004750e+0
  6.356000e+6 1.016289e+0 6.358000e+6 1.029112e+0 6.360000e+6 1.043195e+0
  6.362000e+6 1.058698e+0 6.364000e+6 1.075706e+0 6.366000e+6 1.094078e+0
  6.368000e+6 1.113666e+0 6.370000e+6 1.134312e+0 6.372000e+6 1.155673e+0
  6.374000e+6 1.178018e+0 6.375000e+6 1.189806e+0 6.376000e+6 1.202143e+0
  6.378000e+6 1.228906e+0 6.380000e+6 1.259247e+0 6.382000e+6 1.293732e+0
  6.384000e+6 1.330427e+0 6.385000e+6 1.348688e+0 6.386000e+6 1.366757e+0
  6.388000e+6 1.403016e+0 6.390000e+6 1.439273e+0 6.392000e+6 1.471583e+0
  6.394000e+6 1.497712e+0 6.395000e+6 1.509251e+0 6.396000e+6 1.519211e+0
  6.398000e+6 1.533149e+0 6.400000e+6 1.542449e+0 6.402000e+6 1.548246e+0
  6.404000e+6 1.544128e+0 6.405000e+6 1.536150e+0 6.406000e+6 1.524082e+0
  6.408000e+6 1.490842e+0 6.410000e+6 1.447890e+0 6.412000e+6 1.401785e+0
  6.414000e+6 1.356948e+0 6.415000e+6 1.334916e+0 6.416000e+6 1.313093e+0
  6.418000e+6 1.270376e+0 6.420000e+6 1.229616e+0 6.422000e+6 1.190829e+0
  6.424000e+6 1.153436e+0 6.425000e+6 1.135231e+0 6.426000e+6 1.117336e+0
  6.428000e+6 1.082436e+0 6.430000e+6 1.048650e+0 6.430885e+6 1.034058e+0
  6.430990e+6 1.032344e+0 6.431000e+6 1.032181e+0 6.432000e+6 1.016115e+0
  6.434000e+6 9.850322e-1 6.436000e+6 9.551246e-1 6.438000e+6 9.267718e-1
  6.440000e+6 9.001122e-1 6.442000e+6 8.761203e-1 6.444000e+6 8.552025e-1
  6.446000e+6 8.366895e-1 6.448000e+6 8.199782e-1 6.450000e+6 8.045181e-1
  6.451000e+6 7.974554e-1 6.452000e+6 7.912294e-1 6.452146e+6 7.903435e-1
  6.452200e+6 7.900175e-1 6.452250e+6 7.897163e-1 6.452300e+6 7.894155e-1
  6.454000e+6 7.793103e-1 6.456000e+6 7.677650e-1 6.458000e+6 7.566725e-1
  6.460000e+6 7.461139e-1 6.462000e+6 7.363258e-1 6.464000e+6 7.273941e-1
  6.466000e+6 7.191764e-1 6.468000e+6 7.115381e-1 6.470000e+6 7.043514e-1
  6.472000e+6 6.975246e-1 6.474000e+6 6.910108e-1 6.475000e+6 6.878542e-1
  6.476000e+6 6.847556e-1 6.478000e+6 6.787065e-1 6.480000e+6 6.728130e-1
  6.482000e+6 6.671765e-1 6.484000e+6 6.618947e-1 6.486000e+6 6.569153e-1
  6.488000e+6 6.521873e-1 6.490000e+6 6.476619e-1 6.492000e+6 6.435684e-1
  6.494000e+6 6.403740e-1 6.496000e+6 6.383847e-1 6.498000e+6 6.379082e-1
  6.500000e+6 6.392596e-1 6.502000e+6 6.419758e-1 6.504000e+6 6.453268e-1
  6.506000e+6 6.492386e-1 6.508000e+6 6.536370e-1 6.510000e+6 6.584469e-1
  6.512000e+6 6.634386e-1 6.514000e+6 6.684875e-1 6.516000e+6 6.736766e-1
  6.516461e+6 6.749016e-1 6.516560e+6 6.751663e-1 6.516600e+6 6.752734e-1
  6.518000e+6 6.790646e-1 6.520000e+6 6.847903e-1 6.522000e+6 6.907663e-1
  6.524000e+6 6.968401e-1 6.525000e+6 6.999157e-1 6.526000e+6 7.030184e-1
  6.528000e+6 7.093082e-1 6.530000e+6 7.157167e-1 6.532000e+6 7.222514e-1
  6.534000e+6 7.289199e-1 6.536000e+6 7.357301e-1 6.538000e+6 7.426902e-1
  6.540000e+6 7.498086e-1 6.542000e+6 7.570609e-1 6.544000e+6 7.644150e-1
  6.546000e+6 7.718681e-1 6.548000e+6 7.794173e-1 6.550000e+6 7.870595e-1
  6.552000e+6 7.948004e-1 6.554000e+6 8.026401e-1 6.556000e+6 8.105661e-1
  6.558000e+6 8.185659e-1 6.560000e+6 8.266263e-1 6.562000e+6 8.347035e-1
  6.564000e+6 8.427683e-1 6.566000e+6 8.508285e-1 6.568000e+6 8.588928e-1
  6.570000e+6 8.669698e-1 6.572000e+6 8.750688e-1 6.574000e+6 8.831991e-1
  6.575000e+6 8.872791e-1 6.576000e+6 8.913707e-1 6.578000e+6 8.995936e-1
  6.580000e+6 9.078784e-1 6.582000e+6 9.161549e-1 6.584000e+6 9.242862e-1
  6.586000e+6 9.321810e-1 6.588000e+6 9.397452e-1 6.590000e+6 9.468827e-1
  6.592000e+6 9.534952e-1 6.594000e+6 9.594829e-1 6.596000e+6 9.647452e-1
  6.598000e+6 9.691812e-1 6.600000e+6 9.726905e-1 6.602000e+6 9.755805e-1
  6.604000e+6 9.782418e-1 6.606000e+6 9.806999e-1 6.608000e+6 9.829806e-1
  6.610000e+6 9.851100e-1 6.612000e+6 9.871147e-1 6.614000e+6 9.890211e-1
  6.616000e+6 9.908563e-1 6.618000e+6 9.926472e-1 6.620000e+6 9.944210e-1
  6.622000e+6 9.961963e-1 6.624000e+6 9.979673e-1 6.625000e+6 9.988480e-1
  6.626000e+6 9.997240e-1 6.628000e+6 1.001457e+0 6.630000e+6 1.003156e+0
  6.632000e+6 1.004812e+0 6.634000e+6 1.006414e+0 6.636000e+6 1.007952e+0
  6.638000e+6 1.009418e+0 6.640000e+6 1.010800e+0 6.642000e+6 1.011540e+0
  6.644000e+6 1.011415e+0 6.646000e+6 1.010921e+0 6.648000e+6 1.010552e+0
  6.650000e+6 1.010800e+0 6.652000e+6 1.012036e+0 6.654000e+6 1.014789e+0
  6.655000e+6 1.016967e+0 6.656000e+6 1.019674e+0 6.658000e+6 1.026096e+0
  6.660000e+6 1.033245e+0 6.662000e+6 1.040542e+0 6.664000e+6 1.048722e+0
  6.665000e+6 1.053529e+0 6.666000e+6 1.059145e+0 6.668000e+6 1.072350e+0
  6.670000e+6 1.085958e+0 6.672000e+6 1.099218e+0 6.674000e+6 1.110657e+0
  6.675000e+6 1.114467e+0 6.676000e+6 1.112565e+0 6.678000e+6 1.091183e+0
  6.680000e+6 1.071184e+0 6.682000e+6 1.061318e+0 6.684000e+6 1.052226e+0
  6.685000e+6 1.048372e+0 6.686000e+6 1.044840e+0 6.688000e+6 1.037972e+0
  6.690000e+6 1.031609e+0 6.692000e+6 1.025863e+0 6.694000e+6 1.020648e+0
  6.695000e+6 1.018241e+0 6.696000e+6 1.016090e+0 6.698000e+6 1.012767e+0
  6.700000e+6 1.010412e+0 6.710000e+6 1.004917e+0 6.720000e+6 1.009425e+0
  6.725000e+6 1.015430e+0 6.730000e+6 1.023443e+0 6.740000e+6 1.045671e+0
  6.750000e+6 1.073737e+0 6.760000e+6 1.107207e+0 6.770000e+6 1.148100e+0
  6.775000e+6 1.171249e+0 6.780000e+6 1.196882e+0 6.790000e+6 1.270214e+0
  6.795000e+6 1.325885e+0 6.800000e+6 1.387810e+0 6.805000e+6 1.457379e+0
  6.810000e+6 1.531856e+0 6.820000e+6 1.592626e+0 6.825000e+6 1.489526e+0
  6.830000e+6 1.372293e+0 6.840000e+6 1.160569e+0 6.850000e+6 1.019500e+0
  6.860000e+6 9.569809e-1 6.875000e+6 9.018734e-1 6.880000e+6 8.904587e-1
  6.900000e+6 8.620337e-1 6.920000e+6 8.431623e-1 6.925000e+6 8.414460e-1
  6.940000e+6 8.409297e-1 6.950000e+6 8.428605e-1 6.960000e+6 8.483071e-1
  6.975000e+6 8.653116e-1 6.980000e+6 8.746000e-1 7.000000e+6 9.190820e-1
  7.020000e+6 9.672423e-1 7.025000e+6 9.780517e-1 7.030000e+6 9.887088e-1
  7.035000e+6 9.999589e-1 7.040000e+6 1.010933e+0 7.045000e+6 1.020926e+0
  7.050000e+6 1.029206e+0 7.055000e+6 1.036644e+0 7.060000e+6 1.040896e+0
  7.065000e+6 1.040566e+0 7.070000e+6 1.035545e+0 7.075000e+6 1.030851e+0
  7.080000e+6 1.026738e+0 7.090000e+6 1.022704e+0 7.100000e+6 1.020486e+0
  7.120000e+6 1.031097e+0 7.125000e+6 1.036308e+0 7.140000e+6 1.060878e+0
  7.150000e+6 1.088113e+0 7.160000e+6 1.125489e+0 7.170000e+6 1.200600e+0
  7.175000e+6 1.258583e+0 7.180000e+6 1.342617e+0 7.190000e+6 1.577799e+0
  7.200000e+6 1.834560e+0 7.210000e+6 1.760266e+0 7.220000e+6 1.634186e+0
  7.225000e+6 1.580200e+0 7.230000e+6 1.528415e+0 7.240000e+6 1.432190e+0
  7.250000e+6 1.360592e+0 7.260000e+6 1.329999e+0 7.275000e+6 1.304381e+0
  7.280000e+6 1.298666e+0 7.300000e+6 1.300380e+0 7.320000e+6 1.353963e+0
  7.325000e+6 1.386357e+0 7.330000e+6 1.393563e+0 7.335000e+6 1.383935e+0
  7.340000e+6 1.368824e+0 7.345000e+6 1.353034e+0 7.350000e+6 1.336711e+0
  7.353000e+6 1.326099e+0 7.353304e+6 1.324986e+0 7.353400e+6 1.324632e+0
  7.353423e+6 1.324547e+0 7.355000e+6 1.318550e+0 7.360000e+6 1.296749e+0
  7.365000e+6 1.252201e+0 7.370000e+6 1.190520e+0 7.375000e+6 1.251341e+0
  7.380000e+6 1.315331e+0 7.385000e+6 1.305696e+0 7.390000e+6 1.296033e+0
  7.400000e+6 1.276159e+0 7.420000e+6 1.240519e+0 7.425000e+6 1.232959e+0
  7.440000e+6 1.210594e+0 7.450000e+6 1.195925e+0 7.460000e+6 1.181085e+0
  7.475000e+6 1.158922e+0 7.480000e+6 1.151627e+0 7.500000e+6 1.123635e+0
  7.520000e+6 1.134548e+0 7.525000e+6 1.132489e+0 7.540000e+6 1.126316e+0
  7.550000e+6 1.122200e+0 7.560000e+6 1.122396e+0 7.565597e+6 1.122534e+0
  7.565773e+6 1.122538e+0 7.565800e+6 1.122539e+0 7.568000e+6 1.122592e+0
  7.575000e+6 1.121172e+0 7.600000e+6 1.113149e+0 7.613591e+6 1.121711e+0
  7.625000e+6 1.134453e+0 7.640000e+6 1.155635e+0 7.650000e+6 1.170695e+0
  7.660000e+6 1.185980e+0 7.675000e+6 1.209407e+0 7.680000e+6 1.217348e+0
  7.700000e+6 1.250320e+0 7.725000e+6 1.294409e+0 7.740000e+6 1.321303e+0
  7.750000e+6 1.338910e+0 7.760000e+6 1.355420e+0 7.775000e+6 1.377889e+0
  7.780000e+6 1.384941e+0 7.800000e+6 1.412203e+0 7.820000e+6 1.439590e+0
  7.825000e+6 1.445858e+0 7.840000e+6 1.461724e+0 7.850000e+6 1.471290e+0
  7.860000e+6 1.474342e+0 7.875000e+6 1.450493e+0 7.880000e+6 1.431042e+0
  7.900000e+6 1.330617e+0 7.920000e+6 1.225822e+0 7.925000e+6 1.197119e+0
  7.940000e+6 1.106498e+0 7.950000e+6 1.045736e+0 7.960000e+6 9.913734e-1
  7.975000e+6 9.274056e-1 7.980000e+6 9.098509e-1 8.000000e+6 8.616705e-1
  8.020000e+6 8.490822e-1 8.025000e+6 8.498615e-1 8.040000e+6 8.591714e-1
  8.060000e+6 8.894676e-1 8.075000e+6 9.233075e-1 8.080000e+6 9.356646e-1
  8.100000e+6 9.892549e-1 8.125000e+6 1.069968e+0 8.150000e+6 1.156370e+0
  8.175000e+6 1.226387e+0 8.200000e+6 1.279790e+0 8.225000e+6 1.323096e+0
  8.240000e+6 1.343225e+0 8.250000e+6 1.351752e+0 8.275000e+6 1.356545e+0
  8.280000e+6 1.355728e+0 8.300000e+6 1.347887e+0 8.320000e+6 1.334511e+0
  8.325000e+6 1.329750e+0 8.340000e+6 1.314250e+0 8.350000e+6 1.303229e+0
  8.360000e+6 1.291635e+0 8.375000e+6 1.271893e+0 8.400000e+6 1.239946e+0
  8.425000e+6 1.215346e+0 8.440000e+6 1.200884e+0 8.450000e+6 1.191146e+0
  8.460000e+6 1.180563e+0 8.475000e+6 1.164015e+0 8.500000e+6 1.136636e+0
  8.520000e+6 1.122849e+0 8.525000e+6 1.120964e+0 8.540000e+6 1.118054e+0
  8.550000e+6 1.118243e+0 8.560000e+6 1.120081e+0 8.575000e+6 1.126768e+0
  8.600000e+6 1.152648e+0 8.620000e+6 1.187177e+0 8.625000e+6 1.196767e+0
  8.640000e+6 1.226284e+0 8.650000e+6 1.246928e+0 8.660000e+6 1.268460e+0
  8.675000e+6 1.302331e+0 8.680000e+6 1.313819e+0 8.700000e+6 1.360006e+0
  8.720000e+6 1.399152e+0 8.725000e+6 1.406738e+0 8.740000e+6 1.422943e+0
  8.745000e+6 1.426140e+0 8.750000e+6 1.428037e+0 8.760000e+6 1.427640e+0
  8.775000e+6 1.416157e+0 8.780000e+6 1.408875e+0 8.800000e+6 1.368752e+0
  8.820000e+6 1.320502e+0 8.825000e+6 1.308687e+0 8.840000e+6 1.273930e+0
  8.850000e+6 1.251393e+0 8.860000e+6 1.229324e+0 8.875000e+6 1.195669e+0
  8.880000e+6 1.184858e+0 8.900000e+6 1.143100e+0 8.920000e+6 1.118903e+0
  8.925000e+6 1.119933e+0 8.940000e+6 1.126461e+0 8.950000e+6 1.132675e+0
  8.960000e+6 1.161935e+0 8.975000e+6 1.168750e+0 8.980000e+6 1.171887e+0
  8.987000e+6 1.179128e+0 9.000000e+6 1.203109e+0 9.020000e+6 1.260488e+0
  9.025000e+6 1.277920e+0 9.040000e+6 1.342679e+0 9.050000e+6 1.370812e+0
  9.060000e+6 1.338875e+0 9.075000e+6 1.290909e+0 9.080000e+6 1.273100e+0
  9.100000e+6 1.245374e+0 9.120000e+6 1.213508e+0 9.125000e+6 1.205423e+0
  9.136000e+6 1.188201e+0 9.140000e+6 1.182262e+0 9.150000e+6 1.168293e+0
  9.160000e+6 1.154561e+0 9.175000e+6 1.134891e+0 9.180000e+6 1.128799e+0
  9.200000e+6 1.108114e+0 9.225000e+6 1.095972e+0 9.248000e+6 1.090730e+0
  9.250000e+6 1.090517e+0 9.275000e+6 1.091690e+0 9.300000e+6 1.102207e+0
  9.325000e+6 1.131060e+0 9.350000e+6 1.165279e+0 9.375000e+6 1.193073e+0
  9.400000e+6 1.211219e+0 9.425000e+6 1.197596e+0 9.431000e+6 1.196139e+0
  9.431376e+6 1.196172e+0 9.431500e+6 1.196182e+0 9.431530e+6 1.196185e+0
  9.450000e+6 1.197913e+0 9.470000e+6 1.199469e+0 9.475000e+6 1.199846e+0
  9.500000e+6 1.201657e+0 9.508000e+6 1.202141e+0 9.525000e+6 1.203055e+0
  9.550000e+6 1.204330e+0 9.575000e+6 1.205844e+0 9.600000e+6 1.207840e+0
  9.625000e+6 1.219374e+0 9.650000e+6 1.234711e+0 9.675000e+6 1.252394e+0
  9.676000e+6 1.253181e+0 9.700000e+6 1.273226e+0 9.720000e+6 1.288282e+0
  9.725000e+6 1.291436e+0 9.740000e+6 1.300581e+0 9.750000e+6 1.306043e+0
  9.760000e+6 1.311481e+0 9.775000e+6 1.318373e+0 9.780000e+6 1.320325e+0
  9.800000e+6 1.322594e+0 9.825000e+6 1.314884e+0 9.850000e+6 1.304876e+0
  9.875000e+6 1.293069e+0 9.900000e+6 1.281486e+0 9.925000e+6 1.275218e+0
  9.950000e+6 1.281357e+0 9.975000e+6 1.297887e+0 1.000000e+7 1.314791e+0
  1.005000e+7 1.350540e+0 1.010000e+7 1.386487e+0 1.012200e+7 1.400259e+0
  1.015000e+7 1.413907e+0 1.018945e+7 1.427353e+0 1.018961e+7 1.427397e+0
  1.019000e+7 1.427496e+0 1.020000e+7 1.429822e+0 1.020200e+7 1.430157e+0
  1.024451e+7 1.424866e+0 1.024466e+7 1.424836e+0 1.024500e+7 1.424761e+0
  1.024700e+7 1.424286e+0 1.025000e+7 1.423309e+0 1.030000e+7 1.398714e+0
  1.035000e+7 1.362882e+0 1.037219e+7 1.342043e+0 1.040000e+7 1.317551e+0
  1.045000e+7 1.292305e+0 1.046500e+7 1.286313e+0 1.046548e+7 1.286139e+0
  1.046800e+7 1.285259e+0 1.050000e+7 1.275046e+0 1.052600e+7 1.267749e+0
  1.052750e+7 1.267307e+0 1.052765e+7 1.267263e+0 1.052800e+7 1.267160e+0
  1.055000e+7 1.259197e+0 1.056024e+7 1.253864e+0 1.056300e+7 1.252229e+0
  1.060000e+7 1.227331e+0 1.065000e+7 1.211341e+0 1.066708e+7 1.209711e+0
  1.066900e+7 1.209676e+0 1.068000e+7 1.210523e+0 1.069000e+7 1.214819e+0
  1.070000e+7 1.225315e+0 1.071000e+7 1.227308e+0 1.072000e+7 1.200990e+0
  1.073000e+7 1.144507e+0 1.074000e+7 1.169314e+0 1.075000e+7 1.192971e+0
  1.076000e+7 1.212287e+0 1.077000e+7 1.229844e+0 1.078000e+7 1.245276e+0
  1.079000e+7 1.258686e+0 1.080000e+7 1.271681e+0 1.081000e+7 1.284556e+0
  1.082000e+7 1.297154e+0 1.083000e+7 1.308928e+0 1.084000e+7 1.316293e+0
  1.085000e+7 1.319639e+0 1.086000e+7 1.319842e+0 1.087000e+7 1.317765e+0
  1.088000e+7 1.317322e+0 1.089000e+7 1.319531e+0 1.090000e+7 1.323338e+0
  1.091000e+7 1.328105e+0 1.092000e+7 1.333749e+0 1.093000e+7 1.347096e+0
  1.094000e+7 1.377670e+0 1.095000e+7 1.419118e+0 1.096000e+7 1.465758e+0
  1.097000e+7 1.495563e+0 1.098000e+7 1.499478e+0 1.099000e+7 1.503005e+0
  1.100000e+7 1.509030e+0 1.100700e+7 1.517611e+0 1.100900e+7 1.520328e+0
  1.100925e+7 1.520681e+0 1.105000e+7 1.579934e+0 1.110000e+7 1.656330e+0
  1.115000e+7 1.709195e+0 1.120000e+7 1.704720e+0 1.122000e+7 1.694329e+0
  1.125000e+7 1.677486e+0 1.130000e+7 1.649870e+0 1.135000e+7 1.631565e+0
  1.140000e+7 1.628528e+0 1.145000e+7 1.666436e+0 1.150000e+7 1.705366e+0
  1.152000e+7 1.718757e+0 1.154000e+7 1.729719e+0 1.155000e+7 1.734283e+0
  1.160000e+7 1.744986e+0 1.164300e+7 1.735409e+0 1.164797e+7 1.733329e+0
  1.164800e+7 1.733316e+0 1.164816e+7 1.733249e+0 1.165000e+7 1.732482e+0
  1.170000e+7 1.711797e+0 1.175000e+7 1.699305e+0 1.177872e+7 1.735521e+0
  1.177891e+7 1.735640e+0 1.177900e+7 1.735685e+0 1.179600e+7 1.739807e+0
  1.179667e+7 1.739730e+0 1.179700e+7 1.739674e+0 1.180000e+7 1.738842e+0
  1.185000e+7 1.705129e+0 1.190000e+7 1.673375e+0 1.195000e+7 1.665534e+0
  1.197000e+7 1.668422e+0 1.197027e+7 1.668354e+0 1.200000e+7 1.648687e+0
  1.205000e+7 1.595105e+0 1.210000e+7 1.543398e+0 1.211000e+7 1.533385e+0
  1.215000e+7 1.496213e+0 1.216100e+7 1.486766e+0 1.220000e+7 1.475960e+0
  1.224667e+7 1.492863e+0 1.224700e+7 1.492980e+0 1.224800e+7 1.493335e+0
  1.225000e+7 1.494042e+0 1.230000e+7 1.511633e+0 1.233172e+7 1.519752e+0
  1.233200e+7 1.519803e+0 1.233300e+7 1.519982e+0 1.235000e+7 1.522514e+0
  1.236300e+7 1.523950e+0 1.237000e+7 1.524581e+0 1.240000e+7 1.527147e+0
  1.245000e+7 1.532036e+0 1.250000e+7 1.537103e+0 1.255000e+7 1.541357e+0
  1.258000e+7 1.542527e+0 1.260000e+7 1.542188e+0 1.262000e+7 1.540772e+0
  1.265000e+7 1.537925e+0 1.270000e+7 1.536754e+0 1.275000e+7 1.556794e+0
  1.280000e+7 1.599247e+0 1.280900e+7 1.607249e+0 1.280904e+7 1.607285e+0
  1.281300e+7 1.610801e+0 1.285000e+7 1.641607e+0 1.289235e+7 1.659764e+0
  1.290000e+7 1.658962e+0 1.295000e+7 1.629546e+0 1.300000e+7 1.583627e+0
  1.305000e+7 1.557028e+0 1.310000e+7 1.561922e+0 1.315000e+7 1.576389e+0
  1.320000e+7 1.579314e+0 1.322470e+7 1.576367e+0 1.322500e+7 1.576338e+0
  1.322700e+7 1.576143e+0 1.325000e+7 1.574048e+0 1.330000e+7 1.571332e+0
  1.331800e+7 1.573025e+0 1.332000e+7 1.573325e+0 1.332038e+7 1.573387e+0
  1.335000e+7 1.578326e+0 1.340000e+7 1.587070e+0 1.345000e+7 1.598472e+0
  1.350000e+7 1.609772e+0 1.355000e+7 1.612730e+0 1.360000e+7 1.615405e+0
  1.360200e+7 1.615393e+0 1.360300e+7 1.615406e+0 1.360316e+7 1.615408e+0
  1.361000e+7 1.615575e+0 1.362000e+7 1.616439e+0 1.363000e+7 1.618208e+0
  1.364000e+7 1.620891e+0 1.365000e+7 1.623775e+0 1.366000e+7 1.626722e+0
  1.367000e+7 1.629670e+0 1.367435e+7 1.630938e+0 1.368000e+7 1.632561e+0
  1.369000e+7 1.635398e+0 1.370000e+7 1.638184e+0 1.371000e+7 1.640910e+0
  1.372000e+7 1.643564e+0 1.373000e+7 1.646132e+0 1.374000e+7 1.646820e+0
  1.375000e+7 1.642080e+0 1.376000e+7 1.634924e+0 1.377000e+7 1.630695e+0
  1.378000e+7 1.632442e+0 1.378500e+7 1.634676e+0 1.378665e+7 1.635557e+0
  1.378700e+7 1.635744e+0 1.379000e+7 1.637348e+0 1.380000e+7 1.642609e+0
  1.381000e+7 1.645417e+0 1.382000e+7 1.643464e+0 1.383000e+7 1.639716e+0
  1.384000e+7 1.635730e+0 1.385000e+7 1.632131e+0 1.386000e+7 1.629212e+0
  1.387000e+7 1.626350e+0 1.388000e+7 1.623499e+0 1.389000e+7 1.620667e+0
  1.390000e+7 1.617859e+0 1.395000e+7 1.604166e+0 1.397900e+7 1.596535e+0
  1.400000e+7 1.592155e+0 1.405000e+7 1.588676e+0 1.410000e+7 1.593098e+0
  1.415000e+7 1.599415e+0 1.420000e+7 1.605998e+0 1.425000e+7 1.612806e+0
  1.429800e+7 1.619377e+0 1.430000e+7 1.619655e+0 1.435000e+7 1.626958e+0
  1.440000e+7 1.635031e+0 1.445000e+7 1.645342e+0 1.450000e+7 1.658452e+0
  1.455000e+7 1.672915e+0 1.460000e+7 1.687929e+0 1.461700e+7 1.693177e+0
  1.465000e+7 1.703450e+0 1.470000e+7 1.718817e+0 1.475000e+7 1.732886e+0
  1.480000e+7 1.746327e+0 1.485000e+7 1.759955e+0 1.490000e+7 1.761893e+0
  1.493600e+7 1.763396e+0 1.495000e+7 1.763968e+0 1.500000e+7 1.765941e+0
  1.502000e+7 1.764021e+0 1.504000e+7 1.757029e+0 1.505000e+7 1.752291e+0
  1.510000e+7 1.721165e+0 1.515000e+7 1.684659e+0 1.520000e+7 1.648371e+0
  1.525000e+7 1.621253e+0 1.525500e+7 1.619144e+0 1.530000e+7 1.604162e+0
  1.534717e+7 1.588269e+0 1.535000e+7 1.587323e+0 1.539207e+7 1.580637e+0
  1.540000e+7 1.581262e+0 1.545000e+7 1.590555e+0 1.550000e+7 1.601174e+0
  1.555000e+7 1.610211e+0 1.557400e+7 1.614525e+0 1.560000e+7 1.618964e+0
  1.565000e+7 1.624613e+0 1.570000e+7 1.626280e+0 1.575000e+7 1.624396e+0
  1.580000e+7 1.617381e+0 1.585000e+7 1.606661e+0 1.589300e+7 1.596638e+0
  1.590000e+7 1.594832e+0 1.595000e+7 1.573129e+0 1.600000e+7 1.552463e+0
  1.610000e+7 1.547192e+0 1.613000e+7 1.549872e+0 1.616100e+7 1.553172e+0
  1.620000e+7 1.559111e+0 1.620500e+7 1.560071e+0 1.621200e+7 1.561510e+0
  1.630000e+7 1.581767e+0 1.640000e+7 1.588164e+0 1.641000e+7 1.587306e+0
  1.650000e+7 1.568952e+0 1.653100e+7 1.558546e+0 1.660000e+7 1.543257e+0
  1.661500e+7 1.541072e+0 1.665160e+7 1.538144e+0 1.670000e+7 1.539661e+0
  1.680000e+7 1.554842e+0 1.682000e+7 1.558697e+0 1.685000e+7 1.565272e+0
  1.690000e+7 1.578396e+0 1.700000e+7 1.606789e+0 1.702500e+7 1.614900e+0
  1.710000e+7 1.639887e+0 1.716800e+7 1.653852e+0 1.716900e+7 1.654020e+0
  1.720000e+7 1.658651e+0 1.723000e+7 1.661325e+0 1.725019e+7 1.662362e+0
  1.730000e+7 1.663032e+0 1.740000e+7 1.659422e+0 1.743500e+7 1.656894e+0
  1.748700e+7 1.652917e+0 1.748800e+7 1.652839e+0 1.750000e+7 1.651874e+0
  1.760000e+7 1.644482e+0 1.764000e+7 1.642251e+0 1.770000e+7 1.639740e+0
  1.780000e+7 1.636091e+0 1.780600e+7 1.635852e+0 1.780700e+7 1.635808e+0
  1.784500e+7 1.633714e+0 1.785000e+7 1.633387e+0 1.785072e+7 1.633340e+0
  1.790000e+7 1.629592e+0 1.800000e+7 1.620447e+0 1.805000e+7 1.612904e+0
  1.810000e+7 1.605619e+0 1.812500e+7 1.602717e+0 1.813381e+7 1.601790e+0
  1.820000e+7 1.595455e+0 1.825500e+7 1.591460e+0 1.828902e+7 1.589395e+0
  1.830000e+7 1.588852e+0 1.840000e+7 1.587600e+0 1.844400e+7 1.589648e+0
  1.846000e+7 1.590990e+0 1.850000e+7 1.595118e+0 1.857179e+7 1.604746e+0
  1.860000e+7 1.609819e+0 1.866500e+7 1.627706e+0 1.870000e+7 1.635563e+0
  1.876300e+7 1.649463e+0 1.880000e+7 1.657744e+0 1.887000e+7 1.673194e+0
  1.890000e+7 1.679724e+0 1.900000e+7 1.690746e+0 1.907500e+7 1.686718e+0
  1.908200e+7 1.686093e+0 1.910000e+7 1.684422e+0 1.920000e+7 1.674696e+0
  1.928000e+7 1.666891e+0 1.930000e+7 1.664917e+0 1.936452e+7 1.656692e+0
  1.940000e+7 1.651257e+0 1.940100e+7 1.651082e+0 1.948500e+7 1.639068e+0
  1.950000e+7 1.637625e+0 1.958914e+7 1.634142e+0 1.960000e+7 1.634115e+0
  1.963943e+7 1.634105e+0 1.969000e+7 1.634298e+0 1.970000e+7 1.634391e+0
  1.972000e+7 1.634610e+0 1.980000e+7 1.635515e+0 1.989500e+7 1.637184e+0
  1.990000e+7 1.637277e+0 2.000000e+7 1.639900e+0 2.010000e+7 1.648990e+0
  2.014821e+7 1.656473e+0 2.025621e+7 1.677580e+0 2.025972e+7 1.678304e+0
  2.033424e+7 1.691795e+0 2.035000e+7 1.694012e+0 2.042000e+7 1.699932e+0
  2.050000e+7 1.702230e+0 2.061712e+7 1.704983e+0 2.065000e+7 1.705655e+0
  2.081996e+7 1.699702e+0 2.090298e+7 1.696716e+0 2.095000e+7 1.695049e+0
  2.097633e+7 1.694129e+0 2.099451e+7 1.693501e+0 2.100000e+7 1.693314e+0
  2.108157e+7 1.690618e+0 2.123253e+7 1.686289e+0 2.125000e+7 1.685860e+0
  2.144238e+7 1.681299e+0 2.150000e+7 1.679955e+0 2.155000e+7 1.678797e+0
  2.159418e+7 1.677778e+0 2.163617e+7 1.676813e+0 2.172505e+7 1.674783e+0
  2.185000e+7 1.671949e+0 2.189503e+7 1.670931e+0 2.198677e+7 1.668864e+0
  2.200000e+7 1.668566e+0 2.204396e+7 1.667976e+0 2.215000e+7 1.666551e+0
  2.224478e+7 1.665275e+0 2.245000e+7 1.662482e+0 2.250000e+7 1.661793e+0
  2.275000e+7 1.658273e+0 2.286444e+7 1.656611e+0 2.300000e+7 1.654591e+0
  2.304300e+7 1.653938e+0 2.305000e+7 1.653831e+0 2.335000e+7 1.649284e+0
  2.350000e+7 1.647034e+0 2.365000e+7 1.644799e+0 2.374348e+7 1.643413e+0
  2.395000e+7 1.640372e+0 2.400000e+7 1.639639e+0 2.425000e+7 1.635998e+0
  2.440883e+7 1.633705e+0 2.450000e+7 1.632394e+0 2.455000e+7 1.631676e+0
  2.457711e+7 1.631288e+0 2.485000e+7 1.628250e+0 2.500000e+7 1.628667e+0
  2.515000e+7 1.629089e+0 2.545000e+7 1.629943e+0 2.550000e+7 1.630087e+0
  2.575000e+7 1.630810e+0 2.600000e+7 1.631541e+0 2.605000e+7 1.630449e+0
  2.635000e+7 1.623917e+0 2.650000e+7 1.620669e+0 2.665000e+7 1.617433e+0
  2.695000e+7 1.610991e+0 2.700000e+7 1.609922e+0 2.725000e+7 1.604592e+0
  2.750000e+7 1.599291e+0 2.755000e+7 1.598234e+0 2.785000e+7 1.591914e+0
  2.800000e+7 1.588768e+0 2.815000e+7 1.585632e+0 2.845000e+7 1.579383e+0
  2.850000e+7 1.578346e+0 2.875000e+7 1.573674e+0 2.900000e+7 1.569869e+0
  2.905000e+7 1.569559e+0 2.935000e+7 1.568180e+0 2.950000e+7 1.567736e+0
  2.965000e+7 1.567408e+0 2.995000e+7 1.566957e+0 3.000000e+7 1.566895e+0
  3.000001e+7 1.566795e+0 3.070792e+7 1.559701e+0 3.100000e+7 1.555518e+0
  3.142229e+7 1.548497e+0 3.200000e+7 1.537540e+0 3.300000e+7 1.516796e+0
  3.326299e+7 1.511293e+0 3.400000e+7 1.496449e+0 3.414820e+7 1.493627e+0
  3.438877e+7 1.489202e+0 3.500000e+7 1.479000e+0 3.553507e+7 1.470905e+0
  3.600000e+7 1.463766e+0 3.700000e+7 1.448226e+0 3.800000e+7 1.432627e+0
  3.900000e+7 1.417167e+0 3.912960e+7 1.415182e+0 4.000000e+7 1.402000e+0
  4.100000e+7 1.386020e+0 4.200000e+7 1.368374e+0 4.300000e+7 1.349526e+0
  4.400000e+7 1.329878e+0 4.500000e+7 1.309773e+0 4.600000e+7 1.289501e+0
  4.700000e+7 1.269306e+0 4.800000e+7 1.249387e+0 4.900000e+7 1.229908e+0
  5.000000e+7 1.211000e+0 5.100000e+7 1.192828e+0 5.200000e+7 1.175390e+0
  5.300000e+7 1.158557e+0 5.400000e+7 1.142221e+0 5.500000e+7 1.126283e+0
  5.600000e+7 1.110660e+0 5.700000e+7 1.095278e+0 5.800000e+7 1.080077e+0
  5.900000e+7 1.064999e+0 6.000000e+7 1.050000e+0 6.100000e+7 1.035045e+0
  6.200000e+7 1.020182e+0 6.300000e+7 1.005488e+0 6.400000e+7 9.910290e-1
  6.500000e+7 9.768639e-1 6.600000e+7 9.630435e-1 6.700000e+7 9.496116e-1
  6.800000e+7 9.366061e-1 6.900000e+7 9.240597e-1 7.000000e+7 9.120000e-1
  7.100000e+7 9.003224e-1 7.200000e+7 8.889071e-1 7.300000e+7 8.777554e-1
  7.400000e+7 8.668679e-1 7.500000e+7 8.562439e-1 7.600000e+7 8.458819e-1
  7.700000e+7 8.357796e-1 7.800000e+7 8.259341e-1 7.900000e+7 8.163422e-1
  8.000000e+7 8.070000e-1 8.100000e+7 7.981460e-1 8.200000e+7 7.898514e-1
  8.300000e+7 7.818848e-1 8.400000e+7 7.740417e-1 8.500000e+7 7.661416e-1
  8.600000e+7 7.580266e-1 8.700000e+7 7.495597e-1 8.800000e+7 7.406256e-1
  8.900000e+7 7.311299e-1 9.000000e+7 7.210000e-1 9.100000e+7 7.108126e-1
  9.200000e+7 7.011472e-1 9.300000e+7 6.919537e-1 9.400000e+7 6.831843e-1
  9.500000e+7 6.747929e-1 9.600000e+7 6.667353e-1 9.700000e+7 6.589685e-1
  9.800000e+7 6.514504e-1 9.900000e+7 6.441406e-1 1.000000e+8 6.370000e-1
  1.020000e+8 6.231276e-1 1.040000e+8 6.099201e-1 1.060000e+8 5.975369e-1
  1.080000e+8 5.860912e-1 1.100000e+8 5.756600e-1 1.120000e+8 5.660764e-1
  1.140000e+8 5.570828e-1 1.160000e+8 5.486088e-1 1.180000e+8 5.405971e-1
  1.200000e+8 5.330000e-1 1.220000e+8 5.257729e-1 1.240000e+8 5.188816e-1
  1.260000e+8 5.123027e-1 1.280000e+8 5.060153e-1 1.300000e+8 5.000000e-1
  1.320000e+8 4.940935e-1 1.340000e+8 4.881880e-1 1.360000e+8 4.823405e-1
  1.380000e+8 4.765984e-1 1.400000e+8 4.710000e-1 1.420000e+8 4.654138e-1
  1.440000e+8 4.597469e-1 1.460000e+8 4.540798e-1 1.480000e+8 4.484792e-1
  1.500000e+8 4.430000e-1 1.500000e+9 4.430000e-1 1.50000e+30 4.430000e-1                                           
