#         eV      barn        eV      barns         eV      barns
# 
 1.000000e-5 0.000000e+0 2.530000e-2 0.000000e+0 1.000000e+3 0.000000e+0
 1.000000e+4 0.000000e+0 1.000000e+5 0.000000e+0 1.000000e+6 0.000000e+0
 1.750000e+6 0.000000e+0 1.750000e+6 1.842000e+0 1.750750e+6 1.839880e+0
 1.752340e+6 1.825260e+0 1.753930e+6 1.832380e+0 1.755530e+6 1.862620e+0
 1.757130e+6 1.835370e+0 1.758730e+6 1.842840e+0 1.760340e+6 1.851110e+0
 1.761940e+6 1.847470e+0 1.763550e+6 1.850350e+0 1.765160e+6 1.830890e+0
 1.766770e+6 1.825550e+0 1.768390e+6 1.808320e+0 1.770010e+6 1.830870e+0
 1.771620e+6 1.788640e+0 1.773250e+6 1.777730e+0 1.774870e+6 1.759930e+0
 1.776500e+6 1.770400e+0 1.778120e+6 1.723990e+0 1.779750e+6 1.777770e+0
 1.781390e+6 1.770710e+0 1.782370e+6 1.773660e+0 1.782690e+6 1.718720e+0
 1.783020e+6 1.761510e+0 1.783350e+6 1.862910e+0 1.783680e+6 1.925760e+0
 1.784000e+6 1.968660e+0 1.784330e+6 2.071940e+0 1.784660e+6 2.058620e+0
 1.784990e+6 2.239810e+0 1.785310e+6 2.190820e+0 1.785640e+6 2.100450e+0
 1.785970e+6 2.013840e+0 1.786300e+6 1.868480e+0 1.786630e+6 1.816700e+0
 1.786950e+6 1.803600e+0 1.787280e+6 1.707000e+0 1.787610e+6 1.772300e+0
 1.787940e+6 1.703420e+0 1.788600e+6 1.726190e+0 1.789580e+6 1.681730e+0
 1.790570e+6 1.721160e+0 1.791560e+6 1.720560e+0 1.792550e+6 1.704200e+0
 1.793540e+6 1.754810e+0 1.794530e+6 1.756560e+0 1.795520e+6 1.799830e+0
 1.796510e+6 1.796060e+0 1.797510e+6 1.811740e+0 1.798500e+6 1.802620e+0
 1.799500e+6 1.823060e+0 1.800490e+6 1.862640e+0 1.801490e+6 1.855830e+0
 1.802150e+6 1.870330e+0 1.802490e+6 1.928100e+0 1.802820e+6 2.000240e+0
 1.803150e+6 1.971800e+0 1.803480e+6 2.058360e+0 1.803820e+6 2.270290e+0
 1.804150e+6 2.154820e+0 1.804480e+6 2.433800e+0 1.804820e+6 2.660230e+0
 1.805150e+6 2.885390e+0 1.805480e+6 3.317260e+0 1.805820e+6 3.362510e+0
 1.806150e+6 3.092130e+0 1.806480e+6 2.787310e+0 1.806820e+6 2.599070e+0
 1.807150e+6 2.227320e+0 1.807480e+6 1.960550e+0 1.807820e+6 1.941760e+0
 1.808150e+6 1.864040e+0 1.808490e+6 1.647940e+0 1.809320e+6 1.776150e+0
 1.810660e+6 1.810080e+0 1.812000e+6 1.844610e+0 1.813340e+6 1.858690e+0
 1.814690e+6 1.865370e+0 1.816030e+6 1.930700e+0 1.817380e+6 1.961210e+0
 1.818720e+6 2.092090e+0 1.820070e+6 2.137470e+0 1.821420e+6 2.233910e+0
 1.822780e+6 2.329890e+0 1.824130e+6 2.470290e+0 1.825480e+6 2.509590e+0
 1.827010e+6 2.625940e+0 1.828710e+6 2.826900e+0 1.830410e+6 3.050280e+0
 1.832110e+6 3.297730e+0 1.833820e+6 3.582150e+0 1.835180e+6 3.843310e+0
 1.836210e+6 3.996550e+0 1.837240e+6 4.265090e+0 1.838260e+6 4.617390e+0
 1.839290e+6 4.928260e+0 1.840320e+6 5.273730e+0 1.841350e+6 5.634590e+0
 1.842380e+6 6.019320e+0 1.843100e+6 6.324230e+0 1.843400e+6 6.451280e+0
 1.843410e+6 6.455520e+0 1.843900e+6 6.591880e+0 1.844440e+6 6.742160e+0
 1.845480e+6 6.983930e+0 1.846510e+6 7.279190e+0 1.847550e+6 7.359570e+0
 1.848580e+6 7.700120e+0 1.849620e+6 7.851870e+0 1.850660e+6 7.769180e+0
 1.851700e+6 7.821440e+0 1.852740e+6 7.983720e+0 1.853780e+6 8.211850e+0
 1.854820e+6 8.181790e+0 1.855860e+6 7.916810e+0 1.856900e+6 7.695030e+0
 1.857700e+6 7.496830e+0 1.857950e+6 7.434900e+0 1.858990e+6 7.121130e+0
 1.860040e+6 7.088330e+0 1.861080e+6 6.936060e+0 1.862130e+6 6.752730e+0
 1.862900e+6 6.710050e+0 1.863530e+6 6.675130e+0 1.865280e+6 6.373630e+0
 1.867030e+6 6.099540e+0 1.867300e+6 6.051500e+0 1.868780e+6 5.788140e+0
 1.870540e+6 5.538380e+0 1.872300e+6 5.328290e+0 1.874060e+6 5.113650e+0
 1.875820e+6 4.883260e+0 1.877590e+6 4.751500e+0 1.879360e+6 4.536490e+0
 1.881130e+6 4.358730e+0 1.882910e+6 4.117310e+0 1.884680e+6 3.906730e+0
 1.886460e+6 3.744920e+0 1.888240e+6 3.590670e+0 1.890030e+6 3.319510e+0
 1.891820e+6 3.229950e+0 1.893610e+6 3.042870e+0 1.895400e+6 2.867920e+0
 1.897190e+6 2.698080e+0 1.897600e+6 2.664410e+0 1.898990e+6 2.550240e+0
 1.900790e+6 2.420220e+0 1.902230e+6 2.269200e+0 1.902800e+6 2.212150e+0
 1.903310e+6 2.161110e+0 1.904400e+6 2.200560e+0 1.905480e+6 2.119370e+0
 1.906560e+6 2.191060e+0 1.907650e+6 2.173800e+0 1.908740e+6 2.235500e+0
 1.909830e+6 2.354750e+0 1.910910e+6 2.612200e+0 1.912000e+6 2.782350e+0
 1.913090e+6 3.092440e+0 1.914370e+6 3.320610e+0 1.915830e+6 3.736170e+0
 1.917280e+6 4.011380e+0 1.918740e+6 4.213260e+0 1.920210e+6 4.340200e+0
 1.921000e+6 4.364940e+0 1.921670e+6 4.385890e+0 1.923140e+6 4.465210e+0
 1.924600e+6 4.566230e+0 1.925700e+6 4.550020e+0 1.926440e+6 4.617400e+0
 1.927170e+6 4.741710e+0 1.927910e+6 5.131890e+0 1.928650e+6 5.171600e+0
 1.929380e+6 4.816560e+0 1.930120e+6 4.381280e+0 1.930860e+6 4.238490e+0
 1.931590e+6 4.119400e+0 1.932330e+6 4.133510e+0 1.933070e+6 4.124470e+0
 1.933810e+6 4.054840e+0 1.935100e+6 3.929280e+0 1.936960e+6 3.899180e+0
 1.938810e+6 3.855650e+0 1.940670e+6 3.760170e+0 1.942530e+6 3.666740e+0
 1.943600e+6 3.666310e+0 1.944390e+6 3.665980e+0 1.946250e+6 3.653030e+0
 1.948120e+6 3.601880e+0 1.949990e+6 3.617670e+0 1.951860e+6 3.582210e+0
 1.953740e+6 3.583470e+0 1.955620e+6 3.622800e+0 1.957500e+6 3.683240e+0
 1.959380e+6 3.744750e+0 1.961080e+6 3.885930e+0 1.962590e+6 3.964430e+0
 1.964100e+6 4.107850e+0 1.965620e+6 4.335000e+0 1.967130e+6 4.515810e+0
 1.968650e+6 4.833060e+0 1.970170e+6 4.982470e+0 1.971690e+6 5.243750e+0
 1.972200e+6 5.264730e+0 1.973210e+6 5.306290e+0 1.974740e+6 5.330490e+0
 1.976260e+6 5.044310e+0 1.977790e+6 4.909550e+0 1.979320e+6 4.588240e+0
 1.980860e+6 4.235850e+0 1.982390e+6 3.962290e+0 1.983920e+6 3.781510e+0
 1.985460e+6 3.646270e+0 1.986620e+6 3.475870e+0 1.987390e+6 3.379970e+0
 1.988160e+6 3.498000e+0 1.988930e+6 3.644730e+0 1.989700e+6 3.620560e+0
 1.990470e+6 3.358640e+0 1.991240e+6 3.120660e+0 1.992020e+6 3.022710e+0
 1.992790e+6 2.935580e+0 1.993560e+6 2.967600e+0 1.994340e+6 2.968930e+0
 1.995110e+6 2.919940e+0 1.995890e+6 2.880310e+0 1.997240e+6 2.818120e+0
 1.997300e+6 2.816660e+0 1.999180e+6 2.770950e+0 2.000000e+6 2.746940e+0
 2.001130e+6 2.713840e+0 2.003080e+6 2.622370e+0 2.005030e+6 2.581020e+0
 2.006980e+6 2.475730e+0 2.008930e+6 2.486950e+0 2.010890e+6 2.395810e+0
 2.012850e+6 2.385890e+0 2.014820e+6 2.356350e+0 2.016780e+6 2.340040e+0
 2.018750e+6 2.293270e+0 2.020730e+6 2.281850e+0 2.022700e+6 2.242460e+0
 2.024680e+6 2.238650e+0 2.026660e+6 2.171860e+0 2.028650e+6 2.121570e+0
 2.030630e+6 2.109230e+0 2.032620e+6 2.077710e+0 2.032800e+6 2.071890e+0
 2.034620e+6 2.013040e+0 2.036610e+6 1.938650e+0 2.038010e+6 1.903570e+0
 2.038810e+6 1.698940e+0 2.039610e+6 1.595870e+0 2.040410e+6 1.425870e+0
 2.041220e+6 1.308690e+0 2.042020e+6 1.460510e+0 2.042820e+6 1.683190e+0
 2.043620e+6 1.976290e+0 2.044430e+6 2.039070e+0 2.045230e+6 2.072370e+0
 2.046440e+6 2.024090e+0 2.048050e+6 2.058380e+0 2.049300e+6 2.003270e+0
 2.049660e+6 1.987390e+0 2.051280e+6 1.919190e+0 2.052890e+6 1.987390e+0
 2.054510e+6 2.009900e+0 2.056130e+6 2.017940e+0 2.057350e+6 2.066180e+0
 2.058000e+6 2.149600e+0 2.058160e+6 2.170140e+0 2.058970e+6 2.293530e+0
 2.059780e+6 2.440110e+0 2.060600e+6 2.551550e+0 2.061410e+6 2.884470e+0
 2.062220e+6 3.120620e+0 2.063040e+6 3.136580e+0 2.063850e+6 2.618310e+0
 2.064000e+6 2.548470e+0 2.064670e+6 2.236510e+0 2.065480e+6 2.070920e+0
 2.066300e+6 2.025950e+0 2.067520e+6 1.922650e+0 2.069160e+6 1.901380e+0
 2.070100e+6 1.871200e+0 2.070800e+6 1.848710e+0 2.072440e+6 1.813460e+0
 2.073600e+6 1.863060e+0 2.074080e+6 1.883590e+0 2.075720e+6 1.883900e+0
 2.077370e+6 1.972590e+0 2.079020e+6 2.038580e+0 2.080250e+6 2.040260e+0
 2.081080e+6 2.225990e+0 2.081900e+6 2.407950e+0 2.082730e+6 2.741810e+0
 2.083560e+6 3.230510e+0 2.084380e+6 3.516420e+0 2.085210e+6 3.459370e+0
 2.086040e+6 3.102130e+0 2.086600e+6 3.136280e+0 2.086870e+6 3.152740e+0
 2.087700e+6 3.307180e+0 2.088530e+6 3.711310e+0 2.089360e+6 4.023910e+0
 2.090190e+6 4.457070e+0 2.091020e+6 4.525610e+0 2.091850e+6 4.443760e+0
 2.092680e+6 4.225970e+0 2.093510e+6 4.156330e+0 2.094350e+6 4.117360e+0
 2.094400e+6 4.118180e+0 2.095180e+6 4.131030e+0 2.096010e+6 4.071190e+0
 2.097270e+6 4.063600e+0 2.098700e+6 4.015550e+0 2.098940e+6 4.007490e+0
 2.100610e+6 3.932190e+0 2.102290e+6 3.886480e+0 2.103960e+6 3.816420e+0
 2.105600e+6 3.742840e+0 2.105640e+6 3.741050e+0 2.107320e+6 3.734630e+0
 2.109010e+6 3.706210e+0 2.110270e+6 3.840340e+0 2.111110e+6 3.826950e+0
 2.111960e+6 3.894270e+0 2.112800e+6 4.086090e+0 2.113640e+6 4.282780e+0
 2.114490e+6 4.677520e+0 2.115200e+6 4.997310e+0 2.115340e+6 5.060360e+0
 2.116180e+6 5.627010e+0 2.117030e+6 5.797260e+0 2.117880e+6 5.617270e+0
 2.118720e+6 5.215380e+0 2.119570e+6 4.923550e+0 2.120420e+6 4.343290e+0
 2.121200e+6 4.093780e+0 2.121270e+6 4.071390e+0 2.122120e+6 3.898790e+0
 2.122970e+6 3.714880e+0 2.123820e+6 3.534260e+0 2.124670e+6 3.574320e+0
 2.125740e+6 3.391270e+0 2.127010e+6 3.242870e+0 2.128290e+6 3.103240e+0
 2.130000e+6 3.088790e+0 2.132140e+6 2.945140e+0 2.134200e+6 2.858530e+0
 2.134280e+6 2.855170e+0 2.136430e+6 2.753850e+0 2.138580e+6 2.738770e+0
 2.140730e+6 2.655180e+0 2.142880e+6 2.606750e+0 2.145040e+6 2.586130e+0
 2.147200e+6 2.617300e+0 2.149360e+6 2.658660e+0 2.151530e+6 2.578200e+0
 2.153700e+6 2.499170e+0 2.155880e+6 2.491150e+0 2.158050e+6 2.505800e+0
 2.160230e+6 2.487660e+0 2.162420e+6 2.433730e+0 2.162800e+6 2.436310e+0
 2.164610e+6 2.448620e+0 2.166360e+6 2.446710e+0 2.167670e+6 2.560790e+0
 2.168990e+6 2.720240e+0 2.170310e+6 2.907040e+0 2.171630e+6 3.133390e+0
 2.172950e+6 3.158460e+0 2.174270e+6 3.023260e+0 2.175590e+6 2.990940e+0
 2.176920e+6 2.899870e+0 2.178240e+6 2.856940e+0 2.179300e+6 2.696040e+0
 2.179570e+6 2.655060e+0 2.181340e+6 2.656030e+0 2.183560e+6 2.584420e+0
 2.185780e+6 2.508920e+0 2.188000e+6 2.455840e+0 2.190220e+6 2.381520e+0
 2.192450e+6 2.374180e+0 2.194690e+6 2.378690e+0 2.194900e+6 2.378340e+0
 2.196920e+6 2.374990e+0 2.199160e+6 2.343230e+0 2.201410e+6 2.313130e+0
 2.203650e+6 2.305100e+0 2.205900e+6 2.305830e+0 2.208160e+6 2.356040e+0
 2.210420e+6 2.297340e+0 2.212200e+6 2.313230e+0 2.212680e+6 2.317510e+0
 2.214940e+6 2.404240e+0 2.216600e+6 2.484110e+0 2.217210e+6 2.513460e+0
 2.219030e+6 2.594310e+0 2.220390e+6 2.666530e+0 2.221750e+6 2.839810e+0
 2.223120e+6 3.009210e+0 2.224400e+6 3.194040e+0 2.224490e+6 3.207030e+0
 2.225860e+6 3.556290e+0 2.227230e+6 3.741890e+0 2.228600e+6 3.747200e+0
 2.229600e+6 3.642460e+0 2.229970e+6 3.603710e+0 2.231350e+6 3.381010e+0
 2.232720e+6 3.045620e+0 2.234100e+6 2.842810e+0 2.235480e+6 2.652270e+0
 2.235600e+6 2.630840e+0 2.236860e+6 2.405760e+0 2.238240e+6 2.335920e+0
 2.240080e+6 2.246300e+0 2.242390e+6 2.122640e+0 2.244700e+6 2.069550e+0
 2.247010e+6 2.014810e+0 2.249330e+6 1.985650e+0 2.249500e+6 1.988020e+0
 2.251650e+6 2.017920e+0 2.253970e+6 1.940480e+0 2.256300e+6 1.938700e+0
 2.258630e+6 1.931970e+0 2.259000e+6 1.932500e+0 2.260970e+6 1.935330e+0
 2.263300e+6 1.915170e+0 2.265650e+6 2.007850e+0 2.267990e+6 2.064980e+0
 2.268600e+6 2.105150e+0 2.270340e+6 2.219720e+0 2.272700e+6 2.438130e+0
 2.275050e+6 2.583840e+0 2.275500e+6 2.610930e+0 2.277410e+6 2.725930e+0
 2.279780e+6 2.935330e+0 2.282150e+6 3.284980e+0 2.283300e+6 3.267580e+0
 2.284520e+6 3.249120e+0 2.286890e+6 3.569840e+0 2.289270e+6 3.693360e+0
 2.291660e+6 3.751410e+0 2.292800e+6 3.682770e+0 2.294040e+6 3.608090e+0
 2.296430e+6 3.371420e+0 2.298830e+6 3.228070e+0 2.301230e+6 3.152520e+0
 2.303630e+6 3.085150e+0 2.305000e+6 3.018090e+0 2.306030e+6 2.967710e+0
 2.308440e+6 2.913460e+0 2.310860e+6 2.809070e+0 2.313270e+6 2.724620e+0
 2.315690e+6 2.584070e+0 2.318120e+6 2.524340e+0 2.320550e+6 2.496690e+0
 2.322980e+6 2.458590e+0 2.325410e+6 2.427930e+0 2.327850e+6 2.372070e+0
 2.330300e+6 2.410190e+0 2.331400e+6 2.389390e+0 2.332740e+6 2.364060e+0
 2.335190e+6 2.227990e+0 2.337400e+6 2.297290e+0 2.339370e+6 2.337250e+0
 2.341340e+6 2.277710e+0 2.343310e+6 2.366310e+0 2.345290e+6 2.319640e+0
 2.347260e+6 2.301770e+0 2.349240e+6 2.424100e+0 2.351220e+6 2.367530e+0
 2.353210e+6 2.366300e+0 2.355190e+6 2.363210e+0 2.356300e+6 2.371660e+0
 2.357180e+6 2.378340e+0 2.359170e+6 2.415280e+0 2.361170e+6 2.426080e+0
 2.363160e+6 2.414340e+0 2.365160e+6 2.480930e+0 2.366670e+6 2.590580e+0
 2.367670e+6 2.605550e+0 2.368670e+6 2.665360e+0 2.369670e+6 2.860140e+0
 2.370400e+6 2.996470e+0 2.370680e+6 3.048770e+0 2.371680e+6 3.402190e+0
 2.372680e+6 3.780130e+0 2.373690e+6 4.003170e+0 2.374700e+6 4.025580e+0
 2.375700e+6 3.776480e+0 2.376710e+6 3.398980e+0 2.376900e+6 3.348530e+0
 2.377720e+6 3.130760e+0 2.378730e+6 2.844350e+0 2.379740e+6 2.731680e+0
 2.380750e+6 2.622490e+0 2.381760e+6 2.535790e+0 2.383270e+6 2.450700e+0
 2.385300e+6 2.354390e+0 2.387320e+6 2.301670e+0 2.387800e+6 2.303140e+0
 2.389350e+6 2.307800e+0 2.391390e+6 2.291090e+0 2.393420e+6 2.149340e+0
 2.395460e+6 2.145790e+0 2.397500e+6 2.157330e+0 2.399540e+6 2.179810e+0
 2.401590e+6 2.141960e+0 2.402900e+6 2.194140e+0 2.403640e+6 2.223610e+0
 2.405690e+6 2.134010e+0 2.407740e+6 2.180300e+0 2.409800e+6 2.062790e+0
 2.411860e+6 2.077000e+0 2.413920e+6 2.102320e+0 2.415980e+6 2.077560e+0
 2.418050e+6 2.066650e+0 2.420120e+6 2.031050e+0 2.422190e+6 2.037960e+0
 2.424270e+6 2.092520e+0 2.425700e+6 2.081990e+0 2.426340e+6 2.077280e+0
 2.428420e+6 2.069200e+0 2.430510e+6 2.116290e+0 2.432590e+6 2.082640e+0
 2.434680e+6 1.963040e+0 2.436770e+6 1.934780e+0 2.438860e+6 1.810670e+0
 2.440960e+6 1.662260e+0 2.441900e+6 1.647860e+0 2.443060e+6 1.630100e+0
 2.445160e+6 1.782290e+0 2.447260e+6 1.995070e+0 2.449370e+6 2.419690e+0
 2.451480e+6 2.634060e+0 2.453590e+6 3.011080e+0 2.455710e+6 3.307220e+0
 2.457830e+6 3.491880e+0 2.459300e+6 3.578630e+0 2.459950e+6 3.616980e+0
 2.462070e+6 3.597170e+0 2.462500e+6 3.571860e+0 2.464200e+6 3.471810e+0
 2.466330e+6 3.348070e+0 2.468460e+6 3.195630e+0 2.470590e+6 3.076680e+0
 2.472730e+6 3.107670e+0 2.474870e+6 2.974590e+0 2.476600e+6 2.998610e+0
 2.477010e+6 3.004300e+0 2.479160e+6 3.085160e+0 2.481310e+6 3.135220e+0
 2.483460e+6 3.229970e+0 2.485300e+6 3.286860e+0 2.485610e+6 3.296440e+0
 2.487230e+6 3.384870e+0 2.488310e+6 3.466640e+0 2.489390e+6 3.530940e+0
 2.490470e+6 3.679750e+0 2.491550e+6 3.913160e+0 2.492630e+6 4.167920e+0
 2.493720e+6 4.318370e+0 2.493900e+6 4.365840e+0 2.494800e+6 4.603220e+0
 2.495880e+6 5.001710e+0 2.496970e+6 5.175540e+0 2.498050e+6 5.384840e+0
 2.499140e+6 5.191950e+0 2.500230e+6 5.119340e+0 2.501310e+6 4.758180e+0
 2.502400e+6 4.391740e+0 2.503490e+6 4.183450e+0 2.504580e+6 3.997360e+0
 2.505940e+6 3.805970e+0 2.506900e+6 3.705300e+0 2.507580e+6 3.633980e+0
 2.509220e+6 3.583450e+0 2.510860e+6 3.511130e+0 2.512500e+6 3.333110e+0
 2.514150e+6 3.270150e+0 2.515790e+6 3.309870e+0 2.517440e+6 3.241930e+0
 2.519090e+6 3.097320e+0 2.520740e+6 3.134290e+0 2.522940e+6 2.998350e+0
 2.525700e+6 3.019680e+0 2.528460e+6 2.976990e+0 2.528600e+6 2.977260e+0
 2.531230e+6 2.982490e+0 2.534000e+6 3.074690e+0 2.536770e+6 2.936950e+0
 2.539550e+6 2.982480e+0 2.542340e+6 2.927230e+0 2.545130e+6 2.957050e+0
 2.547920e+6 3.092590e+0 2.550720e+6 3.020960e+0 2.551400e+6 3.014670e+0
 2.553530e+6 2.994960e+0 2.556330e+6 3.044490e+0 2.559150e+6 3.051580e+0
 2.561960e+6 3.024110e+0 2.564780e+6 3.050130e+0 2.565400e+6 3.050620e+0
 2.567610e+6 3.052350e+0 2.570440e+6 3.160790e+0 2.573280e+6 3.003670e+0
 2.576120e+6 2.963700e+0 2.578400e+6 2.954660e+0 2.578960e+6 2.952440e+0
 2.581810e+6 2.881950e+0 2.584670e+6 2.904110e+0 2.587530e+6 2.898660e+0
 2.590390e+6 2.880460e+0 2.593260e+6 2.946100e+0 2.596140e+6 2.996250e+0
 2.599000e+6 3.103790e+0 2.599020e+6 3.104540e+0 2.601900e+6 3.146420e+0
 2.604210e+6 3.064740e+0 2.605940e+6 2.954320e+0 2.607680e+6 2.869710e+0
 2.609420e+6 2.868030e+0 2.611160e+6 2.808410e+0 2.612900e+6 2.906770e+0
 2.614640e+6 2.762340e+0 2.616390e+6 2.824030e+0 2.618130e+6 2.862610e+0
 2.619880e+6 2.784970e+0 2.621630e+6 2.745670e+0 2.622900e+6 2.737730e+0
 2.623390e+6 2.734660e+0 2.625140e+6 2.763600e+0 2.626900e+6 2.746110e+0
 2.628650e+6 2.651750e+0 2.630410e+6 2.765120e+0 2.632170e+6 2.645230e+0
 2.633400e+6 2.642410e+0 2.633940e+6 2.641170e+0 2.635700e+6 2.631560e+0
 2.637470e+6 2.652050e+0 2.639240e+6 2.638730e+0 2.641000e+6 2.685200e+0
 2.641010e+6 2.685460e+0 2.642780e+6 2.666990e+0 2.644550e+6 2.638260e+0
 2.646330e+6 2.650110e+0 2.648100e+6 2.556140e+0 2.649880e+6 2.613130e+0
 2.651660e+6 2.597060e+0 2.653440e+6 2.640660e+0 2.654930e+6 2.811160e+0
 2.656120e+6 2.773750e+0 2.657310e+6 2.845410e+0 2.658500e+6 3.366950e+0
 2.659700e+6 3.852570e+0 2.660700e+6 4.035850e+0 2.660890e+6 4.070670e+0
 2.662080e+6 4.051070e+0 2.663280e+6 3.365660e+0 2.664480e+6 2.982060e+0
 2.665670e+6 2.788930e+0 2.666870e+6 2.612400e+0 2.668070e+6 2.572850e+0
 2.669270e+6 2.525180e+0 2.670770e+6 2.547180e+0 2.672570e+6 2.505830e+0
 2.672800e+6 2.513140e+0 2.674370e+6 2.563100e+0 2.676180e+6 2.493520e+0
 2.677990e+6 2.497560e+0 2.679600e+6 2.435350e+0 2.679790e+6 2.428010e+0
 2.681610e+6 2.399140e+0 2.683420e+6 2.348730e+0 2.685230e+6 2.362210e+0
 2.687050e+6 2.361610e+0 2.688870e+6 2.448860e+0 2.690690e+6 2.411110e+0
 2.692510e+6 2.523700e+0 2.694330e+6 2.696160e+0 2.696160e+6 2.817710e+0
 2.697990e+6 2.890360e+0 2.699300e+6 2.863760e+0 2.699820e+6 2.853200e+0
 2.701650e+6 2.826420e+0 2.703480e+6 2.757160e+0 2.705310e+6 2.676700e+0
 2.707150e+6 2.617530e+0 2.708990e+6 2.614620e+0 2.710830e+6 2.500930e+0
 2.712670e+6 2.494170e+0 2.713000e+6 2.504180e+0 2.714520e+6 2.550260e+0
 2.716360e+6 2.484690e+0 2.718210e+6 2.496200e+0 2.720060e+6 2.416700e+0
 2.721910e+6 2.386950e+0 2.723770e+6 2.376990e+0 2.725620e+6 2.287040e+0
 2.727480e+6 2.180380e+0 2.729340e+6 2.066590e+0 2.731200e+6 2.021130e+0
 2.733070e+6 2.092450e+0 2.734930e+6 2.200210e+0 2.736800e+6 2.276820e+0
 2.738000e+6 2.297630e+0 2.738670e+6 2.309220e+0 2.740540e+6 2.344780e+0
 2.742410e+6 2.306410e+0 2.744290e+6 2.434100e+0 2.745540e+6 2.340630e+0
 2.746160e+6 2.294260e+0 2.748040e+6 2.336640e+0 2.749920e+6 2.379410e+0
 2.751800e+6 2.358490e+0 2.754000e+6 2.326410e+0 2.756520e+6 2.395090e+0
 2.759040e+6 2.382470e+0 2.760000e+6 2.341280e+0 2.761560e+6 2.274410e+0
 2.764090e+6 2.229600e+0 2.764600e+6 2.239000e+0 2.766620e+6 2.276230e+0
 2.769150e+6 2.300150e+0 2.771690e+6 2.352840e+0 2.774230e+6 2.448630e+0
 2.776770e+6 2.476700e+0 2.779320e+6 2.547120e+0 2.780000e+6 2.543490e+0
 2.781870e+6 2.533420e+0 2.784430e+6 2.550830e+0 2.786980e+6 2.551820e+0
 2.788800e+6 2.585780e+0 2.789550e+6 2.599770e+0 2.792110e+6 2.570800e+0
 2.794680e+6 2.589330e+0 2.797250e+6 2.571490e+0 2.799830e+6 2.512420e+0
 2.800000e+6 2.511650e+0 2.802410e+6 2.500650e+0 2.804990e+6 2.531400e+0
 2.807580e+6 2.591040e+0 2.808600e+6 2.575540e+0 2.810170e+6 2.551690e+0
 2.812760e+6 2.658410e+0 2.815360e+6 2.613420e+0 2.817960e+6 2.668190e+0
 2.820000e+6 2.666720e+0 2.820560e+6 2.666310e+0 2.823170e+6 2.763170e+0
 2.825780e+6 2.858360e+0 2.827500e+6 2.826250e+0 2.828400e+6 2.809430e+0
 2.831010e+6 2.938330e+0 2.833640e+6 3.066750e+0 2.836260e+6 3.151310e+0
 2.838890e+6 3.224220e+0 2.841530e+6 3.442640e+0 2.842700e+6 3.454380e+0
 2.844160e+6 3.469030e+0 2.846810e+6 3.571420e+0 2.849450e+6 3.692690e+0
 2.852100e+6 3.787070e+0 2.854100e+6 3.832900e+0 2.854750e+6 3.847800e+0
 2.857410e+6 3.718310e+0 2.860070e+6 3.777990e+0 2.862730e+6 3.839870e+0
 2.863900e+6 3.845460e+0 2.865390e+6 3.852580e+0 2.868070e+6 3.804510e+0
 2.870740e+6 3.738340e+0 2.873080e+6 3.517870e+0 2.875090e+6 3.246190e+0
 2.876800e+6 3.065790e+0 2.877110e+6 3.033090e+0 2.879120e+6 2.921960e+0
 2.881140e+6 2.782230e+0 2.883160e+6 2.603380e+0 2.885180e+6 2.576230e+0
 2.887200e+6 2.460560e+0 2.888900e+6 2.413500e+0 2.889230e+6 2.404370e+0
 2.891250e+6 2.389010e+0 2.893280e+6 2.286510e+0 2.895320e+6 2.299750e+0
 2.897350e+6 2.269840e+0 2.899390e+6 2.283560e+0 2.901430e+6 2.186590e+0
 2.903400e+6 2.255930e+0 2.903470e+6 2.258390e+0 2.905510e+6 2.203180e+0
 2.907550e+6 2.123590e+0 2.909600e+6 2.102460e+0 2.911650e+6 2.090220e+0
 2.913700e+6 2.087060e+0 2.915750e+6 2.112160e+0 2.916300e+6 2.102600e+0
 2.917470e+6 2.082280e+0 2.918840e+6 2.074030e+0 2.920210e+6 2.031320e+0
 2.921580e+6 2.092380e+0 2.922960e+6 2.096500e+0 2.924330e+6 2.191270e+0
 2.925710e+6 2.251270e+0 2.927090e+6 2.251180e+0 2.928470e+6 2.338420e+0
 2.929850e+6 2.419440e+0 2.931230e+6 2.544040e+0 2.932610e+6 2.591280e+0
 2.933990e+6 2.753770e+0 2.935370e+6 2.913010e+0 2.936760e+6 3.122090e+0
 2.938140e+6 3.453660e+0 2.939000e+6 3.391800e+0 2.939530e+6 3.353670e+0
 2.940000e+6 3.366400e+0 2.940910e+6 3.391040e+0 2.942300e+6 3.126930e+0
 2.943690e+6 2.955270e+0 2.945080e+6 2.670720e+0 2.946470e+6 2.466180e+0
 2.947860e+6 2.272560e+0 2.949260e+6 2.168370e+0 2.950650e+6 2.059360e+0
 2.952050e+6 2.009690e+0 2.954140e+6 1.884300e+0 2.956930e+6 1.828960e+0
 2.959740e+6 1.791940e+0 2.960000e+6 1.788680e+0 2.962540e+6 1.757060e+0
 2.965350e+6 1.690740e+0 2.965500e+6 1.689900e+0 2.968160e+6 1.674900e+0
 2.970970e+6 1.597510e+0 2.973790e+6 1.581340e+0 2.976620e+6 1.596670e+0
 2.979450e+6 1.509310e+0 2.982280e+6 1.469230e+0 2.985110e+6 1.591390e+0
 2.985300e+6 1.585460e+0 2.987950e+6 1.502740e+0 2.990800e+6 1.552700e+0
 2.993290e+6 1.635290e+0 2.995430e+6 1.693920e+0 2.997570e+6 1.853420e+0
 2.999710e+6 1.963800e+0 3.000000e+6 1.972240e+0 3.001860e+6 2.026350e+0
 3.004000e+6 2.195370e+0 3.006150e+6 2.341660e+0 3.008310e+6 2.513090e+0
 3.010460e+6 2.607800e+0 3.012620e+6 2.816850e+0 3.014780e+6 2.838770e+0
 3.016940e+6 2.781780e+0 3.019100e+6 2.810260e+0 3.020000e+6 2.783210e+0
 3.021270e+6 2.745040e+0 3.023440e+6 2.637380e+0 3.025610e+6 2.561740e+0
 3.027780e+6 2.528160e+0 3.029960e+6 2.429720e+0 3.032130e+6 2.443720e+0
 3.034310e+6 2.443110e+0 3.036500e+6 2.514010e+0 3.038680e+6 2.461830e+0
 3.040870e+6 2.478890e+0 3.042100e+6 2.530380e+0 3.043060e+6 2.570580e+0
 3.045250e+6 2.404980e+0 3.047450e+6 2.386300e+0 3.049640e+6 2.319990e+0
 3.051840e+6 2.240440e+0 3.054040e+6 2.214730e+0 3.055880e+6 2.243840e+0
 3.057350e+6 2.355550e+0 3.058820e+6 2.526470e+0 3.060000e+6 2.806650e+0
 3.060290e+6 2.875510e+0 3.061770e+6 3.092340e+0 3.063240e+6 3.225390e+0
 3.063900e+6 3.098420e+0 3.064720e+6 2.940670e+0 3.066190e+6 2.580630e+0
 3.067670e+6 2.296340e+0 3.069150e+6 2.052340e+0 3.070630e+6 2.008560e+0
 3.072850e+6 1.968410e+0 3.075820e+6 1.921620e+0 3.078790e+6 1.872220e+0
 3.080000e+6 1.877090e+0 3.081760e+6 1.884170e+0 3.084500e+6 1.958930e+0
 3.084740e+6 1.965480e+0 3.087730e+6 1.987260e+0 3.090720e+6 2.071160e+0
 3.093710e+6 2.224380e+0 3.095950e+6 2.221430e+0 3.097450e+6 2.364040e+0
 3.098960e+6 2.407120e+0 3.100000e+6 2.444910e+0 3.100460e+6 2.461640e+0
 3.101960e+6 2.793800e+0 3.103460e+6 2.783660e+0 3.104970e+6 2.839490e+0
 3.105100e+6 2.866990e+0 3.106470e+6 3.156890e+0 3.107980e+6 3.152700e+0
 3.109490e+6 3.237950e+0 3.111000e+6 3.413670e+0 3.112510e+6 3.231600e+0
 3.114020e+6 3.203890e+0 3.115530e+6 3.190850e+0 3.116500e+6 3.048220e+0
 3.117050e+6 2.967340e+0 3.118560e+6 2.916680e+0 3.120000e+6 2.867890e+0
 3.120080e+6 2.865180e+0 3.121590e+6 2.836060e+0 3.123110e+6 2.638890e+0
 3.124630e+6 2.564380e+0 3.126150e+6 2.566850e+0 3.127670e+6 2.489550e+0
 3.129200e+6 2.347130e+0 3.130720e+6 2.295980e+0 3.132240e+6 2.658150e+0
 3.133770e+6 2.962600e+0 3.134900e+6 3.238320e+0 3.135300e+6 3.335900e+0
 3.136820e+6 3.591840e+0 3.138350e+6 3.699780e+0 3.139890e+6 3.682880e+0
 3.140000e+6 3.683990e+0 3.141420e+6 3.698220e+0 3.142950e+6 3.911660e+0
 3.144480e+6 3.994660e+0 3.146020e+6 3.907340e+0 3.147550e+6 3.921240e+0
 3.149090e+6 3.670040e+0 3.150630e+6 3.431770e+0 3.152170e+6 3.154750e+0
 3.153710e+6 2.866580e+0 3.155250e+6 2.710860e+0 3.156790e+6 2.721170e+0
 3.158340e+6 2.589220e+0 3.159880e+6 2.496150e+0 3.160000e+6 2.485410e+0
 3.161430e+6 2.357460e+0 3.162980e+6 2.429780e+0 3.164520e+6 2.306550e+0
 3.166070e+6 2.313840e+0 3.167620e+6 2.274270e+0 3.169180e+6 2.212880e+0
 3.170600e+6 2.341480e+0 3.170730e+6 2.353260e+0 3.172280e+6 2.486920e+0
 3.173840e+6 2.566600e+0 3.175400e+6 2.493780e+0 3.176000e+6 2.386870e+0
 3.176950e+6 2.217590e+0 3.178510e+6 2.346820e+0 3.180000e+6 2.232740e+0
 3.180850e+6 2.167670e+0 3.183980e+6 2.118550e+0 3.187110e+6 2.098870e+0
 3.190240e+6 2.056700e+0 3.193380e+6 2.019720e+0 3.196520e+6 1.978440e+0
 3.199670e+6 1.955600e+0 3.200000e+6 1.958220e+0 3.201000e+6 1.966130e+0
 3.202820e+6 1.980550e+0 3.205980e+6 1.957970e+0 3.209140e+6 2.009210e+0
 3.211910e+6 2.038090e+0 3.214290e+6 2.031860e+0 3.216670e+6 2.093380e+0
 3.219050e+6 2.255290e+0 3.219400e+6 2.256120e+0 3.221430e+6 2.260960e+0
 3.223820e+6 2.346120e+0 3.226210e+6 2.463280e+0 3.228610e+6 2.738670e+0
 3.231000e+6 3.215560e+0 3.231300e+6 3.238330e+0 3.233400e+6 3.397710e+0
 3.235800e+6 3.447990e+0 3.236200e+6 3.440550e+0 3.238210e+6 3.403170e+0
 3.240000e+6 3.288040e+0 3.240610e+6 3.248800e+0 3.243020e+6 3.085330e+0
 3.245430e+6 2.784580e+0 3.247600e+6 2.787720e+0 3.247850e+6 2.788080e+0
 3.250260e+6 2.502400e+0 3.252690e+6 2.402790e+0 3.255110e+6 2.254390e+0
 3.257530e+6 2.266760e+0 3.260000e+6 2.217660e+0 3.260370e+6 2.210310e+0
 3.263300e+6 2.107720e+0 3.263610e+6 2.096850e+0 3.266860e+6 2.147410e+0
 3.270110e+6 2.094470e+0 3.273370e+6 2.125410e+0 3.276630e+6 2.097440e+0
 3.279890e+6 2.123970e+0 3.280000e+6 2.129980e+0 3.283170e+6 2.303360e+0
 3.286440e+6 2.490150e+0 3.289720e+6 2.239500e+0 3.290400e+6 2.210530e+0
 3.293010e+6 2.099360e+0 3.296300e+6 2.158540e+0 3.299600e+6 2.120940e+0
 3.300000e+6 2.114560e+0 3.302900e+6 2.068260e+0 3.306210e+6 2.084250e+0
 3.309520e+6 2.059490e+0 3.312830e+6 2.094830e+0 3.316160e+6 2.151510e+0
 3.319480e+6 2.134950e+0 3.322810e+6 2.095620e+0 3.326150e+6 2.028720e+0
 3.326700e+6 2.034360e+0 3.329490e+6 2.062980e+0 3.332840e+6 2.213750e+0
 3.336190e+6 2.198170e+0 3.339540e+6 2.138520e+0 3.340000e+6 2.150690e+0
 3.342910e+6 2.227690e+0 3.346270e+6 2.153760e+0 3.349640e+6 2.196080e+0
 3.351200e+6 2.219920e+0 3.351630e+6 2.226490e+0 3.353020e+6 2.247720e+0
 3.355000e+6 2.324110e+0 3.356400e+6 2.378120e+0 3.359790e+6 2.321920e+0
 3.360000e+6 2.321440e+0 3.361100e+6 2.318930e+0 3.363180e+6 2.314200e+0
 3.366580e+6 2.360250e+0 3.369980e+6 2.371280e+0 3.373390e+6 2.463550e+0
 3.376380e+6 2.593230e+0 3.378940e+6 2.552270e+0 3.380000e+6 2.625460e+0
 3.381510e+6 2.729730e+0 3.384070e+6 2.797180e+0 3.386640e+6 2.743250e+0
 3.389220e+6 2.376910e+0 3.391800e+6 2.310300e+0 3.394380e+6 2.162210e+0
 3.396960e+6 2.149730e+0 3.399550e+6 2.159840e+0 3.402140e+6 2.116060e+0
 3.404730e+6 2.216890e+0 3.405300e+6 2.218880e+0 3.407320e+6 2.225950e+0
 3.409920e+6 2.320160e+0 3.412520e+6 2.380250e+0 3.415130e+6 2.392930e+0
 3.417730e+6 2.393340e+0 3.420000e+6 2.447950e+0 3.420340e+6 2.456130e+0
 3.422960e+6 2.642600e+0 3.425570e+6 2.759310e+0 3.428190e+6 3.075480e+0
 3.428700e+6 3.073310e+0 3.430810e+6 3.064340e+0 3.433440e+6 2.786460e+0
 3.436060e+6 2.637320e+0 3.438700e+6 2.367180e+0 3.440000e+6 2.373960e+0
 3.441330e+6 2.380900e+0 3.444410e+6 2.256490e+0 3.446900e+6 2.180680e+0
 3.447930e+6 2.149330e+0 3.451450e+6 2.208320e+0 3.454990e+6 2.100960e+0
 3.458530e+6 2.210200e+0 3.460000e+6 2.242400e+0 3.461630e+6 2.278110e+0
 3.464290e+6 2.523900e+0 3.466950e+6 2.499280e+0 3.469620e+6 2.422430e+0
 3.472290e+6 2.289700e+0 3.474960e+6 2.271980e+0 3.475500e+6 2.273600e+0
 3.477630e+6 2.280030e+0 3.480310e+6 2.101970e+0 3.483000e+6 2.177170e+0
 3.485680e+6 2.146010e+0 3.488370e+6 2.144230e+0 3.491060e+6 2.130030e+0
 3.493750e+6 2.191120e+0 3.495000e+6 2.236000e+0 3.496450e+6 2.288060e+0
 3.499150e+6 2.483830e+0 3.501860e+6 2.663460e+0 3.504560e+6 2.828050e+0
 3.507270e+6 2.743650e+0 3.509990e+6 2.522260e+0 3.512700e+6 2.332640e+0
 3.515420e+6 2.328500e+0 3.518150e+6 2.157920e+0 3.518400e+6 2.164100e+0
 3.520870e+6 2.225110e+0 3.523600e+6 2.273820e+0 3.526330e+6 2.308010e+0
 3.529070e+6 2.155790e+0 3.531810e+6 2.213050e+0 3.534000e+6 2.350230e+0
 3.534090e+6 2.355870e+0 3.535920e+6 2.333950e+0 3.537750e+6 2.616120e+0
 3.539590e+6 2.726000e+0 3.541420e+6 2.658270e+0 3.543260e+6 2.342450e+0
 3.545090e+6 2.318010e+0 3.546930e+6 2.044710e+0 3.549230e+6 2.092420e+0
 3.551990e+6 2.131360e+0 3.554760e+6 2.134690e+0 3.557530e+6 2.177440e+0
 3.560000e+6 2.211820e+0 3.560300e+6 2.216000e+0 3.563070e+6 2.133000e+0
 3.565850e+6 2.134850e+0 3.568630e+6 2.233500e+0 3.571420e+6 2.191370e+0
 3.574210e+6 2.161650e+0 3.574300e+6 2.154330e+0 3.577000e+6 1.934760e+0
 3.579790e+6 1.963160e+0 3.582590e+6 1.828090e+0 3.585390e+6 1.893170e+0
 3.588200e+6 1.833600e+0 3.590540e+6 1.908950e+0 3.592410e+6 1.883740e+0
 3.594290e+6 1.902330e+0 3.596160e+6 2.040010e+0 3.598040e+6 2.122070e+0
 3.599920e+6 2.007920e+0 3.600000e+6 2.005680e+0 3.601800e+6 1.955090e+0
 3.603680e+6 1.762510e+0 3.605570e+6 1.520830e+0 3.607450e+6 1.557270e+0
 3.609340e+6 1.384730e+0 3.611700e+6 1.285940e+0 3.614530e+6 1.230510e+0
 3.617370e+6 1.219630e+0 3.620000e+6 1.288530e+0 3.620220e+6 1.294290e+0
 3.623060e+6 1.334560e+0 3.625000e+6 1.301320e+0 3.625910e+6 1.285720e+0
 3.628760e+6 1.293200e+0 3.631620e+6 1.251890e+0 3.634480e+6 1.263440e+0
 3.637340e+6 1.239160e+0 3.638000e+6 1.248960e+0 3.640000e+6 1.278650e+0
 3.640210e+6 1.281770e+0 3.643080e+6 1.270500e+0 3.645950e+6 1.348740e+0
 3.648830e+6 1.323380e+0 3.651710e+6 1.258720e+0 3.654590e+6 1.213810e+0
 3.657480e+6 1.248680e+0 3.660000e+6 1.294790e+0 3.660370e+6 1.301560e+0
 3.663260e+6 1.332860e+0 3.666160e+6 1.416510e+0 3.669060e+6 1.383550e+0
 3.671960e+6 1.368690e+0 3.674400e+6 1.325200e+0 3.674870e+6 1.316820e+0
 3.677780e+6 1.204360e+0 3.680000e+6 1.195140e+0 3.680690e+6 1.192270e+0
 3.683610e+6 1.284670e+0 3.686040e+6 1.334980e+0 3.687990e+6 1.276940e+0
 3.689940e+6 1.300960e+0 3.691890e+6 1.417190e+0 3.693850e+6 1.464280e+0
 3.695800e+6 1.685390e+0 3.697760e+6 1.893070e+0 3.699720e+6 2.131660e+0
 3.700000e+6 2.144430e+0 3.701680e+6 2.221040e+0 3.703640e+6 2.158560e+0
 3.705600e+6 2.027910e+0 3.707570e+6 1.845980e+0 3.709530e+6 1.778800e+0
 3.711500e+6 1.641920e+0 3.713470e+6 1.588760e+0 3.715930e+6 1.523170e+0
 3.718890e+6 1.388850e+0 3.719900e+6 1.415850e+0 3.720000e+6 1.418520e+0
 3.721860e+6 1.468230e+0 3.724820e+6 1.546170e+0 3.727790e+6 1.562950e+0
 3.730770e+6 1.653050e+0 3.733740e+6 1.692950e+0 3.736720e+6 1.802640e+0
 3.739710e+6 2.003090e+0 3.742700e+6 2.184630e+0 3.745690e+6 2.253730e+0
 3.748680e+6 2.314380e+0 3.749000e+6 2.327020e+0 3.751680e+6 2.432920e+0
 3.752400e+6 2.417210e+0 3.754690e+6 2.367260e+0 3.755200e+6 2.366250e+0
 3.755690e+6 2.365270e+0 3.757690e+6 2.361300e+0 3.760000e+6 2.397910e+0
 3.760700e+6 2.409000e+0 3.763720e+6 2.373260e+0 3.766730e+6 2.441110e+0
 3.769750e+6 2.528460e+0 3.772780e+6 2.512430e+0 3.774500e+6 2.514330e+0
 3.775800e+6 2.515770e+0 3.778840e+6 2.506730e+0 3.781870e+6 2.487300e+0
 3.784910e+6 2.587290e+0 3.787950e+6 2.523310e+0 3.791000e+6 2.273620e+0
 3.794050e+6 2.278170e+0 3.796600e+6 2.280010e+0 3.797100e+6 2.280360e+0
 3.800000e+6 2.187400e+0 3.800160e+6 2.182270e+0 3.803220e+6 2.134820e+0
 3.806290e+6 2.164530e+0 3.809360e+6 2.120310e+0 3.812430e+6 2.222480e+0
 3.813500e+6 2.234740e+0 3.814990e+6 2.251820e+0 3.817040e+6 2.515440e+0
 3.819100e+6 2.760690e+0 3.821150e+6 2.693300e+0 3.823210e+6 2.595000e+0
 3.825270e+6 2.304300e+0 3.827840e+6 2.109520e+0 3.830940e+6 2.170720e+0
 3.834040e+6 2.175930e+0 3.836620e+6 2.453210e+0 3.838690e+6 2.615150e+0
 3.840000e+6 2.584500e+0 3.840760e+6 2.566720e+0 3.842840e+6 2.241820e+0
 3.844910e+6 2.033100e+0 3.846990e+6 1.688430e+0 3.849070e+6 1.769530e+0
 3.851150e+6 1.632360e+0 3.853750e+6 1.596630e+0 3.856870e+6 1.602830e+0
 3.860000e+6 1.589900e+0 3.863140e+6 1.623280e+0 3.865300e+6 1.643840e+0
 3.866280e+6 1.653170e+0 3.869420e+6 1.694690e+0 3.872560e+6 1.620440e+0
 3.875710e+6 1.653470e+0 3.878860e+6 1.691490e+0 3.880000e+6 1.697740e+0
 3.882020e+6 1.708810e+0 3.884800e+6 1.761600e+0 3.885180e+6 1.768820e+0
 3.888350e+6 1.762590e+0 3.891520e+6 1.848470e+0 3.894690e+6 1.794940e+0
 3.897860e+6 1.873560e+0 3.900000e+6 1.941460e+0 3.901040e+6 1.974460e+0
 3.904230e+6 2.181360e+0 3.907420e+6 2.263350e+0 3.910610e+6 2.310310e+0
 3.913800e+6 2.182900e+0 3.917000e+6 2.344680e+0 3.920210e+6 2.424360e+0
 3.923410e+6 2.517790e+0 3.923800e+6 2.533830e+0 3.926630e+6 2.650220e+0
 3.929840e+6 2.700830e+0 3.933060e+6 2.532430e+0 3.936280e+6 2.524990e+0
 3.939400e+6 2.524840e+0 3.939510e+6 2.524840e+0 3.940000e+6 2.525630e+0
 3.942740e+6 2.530040e+0 3.945980e+6 2.485810e+0 3.949220e+6 2.581330e+0
 3.952460e+6 2.773590e+0 3.955710e+6 2.899120e+0 3.958960e+6 2.680140e+0
 3.960000e+6 2.645550e+0 3.962220e+6 2.571710e+0 3.965470e+6 2.486720e+0
 3.968700e+6 2.375600e+0 3.968740e+6 2.374220e+0 3.972010e+6 2.296010e+0
 3.975280e+6 2.280890e+0 3.978550e+6 2.140760e+0 3.981830e+6 2.128950e+0
 3.985120e+6 2.132940e+0 3.988400e+6 2.117580e+0 3.991700e+6 2.123300e+0
 3.994990e+6 2.210780e+0 3.998290e+6 2.239000e+0 3.999160e+6 2.253670e+0
 4.000000e+6 2.267830e+0 4.001600e+6 2.294790e+0 4.004900e+6 2.204110e+0
 4.008220e+6 2.105070e+0 4.011530e+6 2.120170e+0 4.014850e+6 2.130300e+0
 4.018180e+6 2.227080e+0 4.021510e+6 2.227680e+0 4.022700e+6 2.296830e+0
 4.024840e+6 2.421200e+0 4.028180e+6 2.330740e+0 4.030700e+6 2.447140e+0
 4.031280e+6 2.473950e+0 4.031520e+6 2.485020e+0 4.034860e+6 2.588120e+0
 4.038210e+6 2.610820e+0 4.040000e+6 2.656690e+0 4.041570e+6 2.696920e+0
 4.044930e+6 2.735980e+0 4.048290e+6 2.957980e+0 4.051650e+6 3.054510e+0
 4.055020e+6 3.021620e+0 4.058400e+6 2.790480e+0 4.061300e+6 2.574310e+0
 4.061780e+6 2.538530e+0 4.064600e+6 2.356500e+0 4.066860e+6 2.305890e+0
 4.069110e+6 2.096080e+0 4.071380e+6 2.228720e+0 4.073640e+6 2.226880e+0
 4.075900e+6 2.253430e+0 4.078170e+6 2.385200e+0 4.080000e+6 2.531490e+0
 4.080440e+6 2.566660e+0 4.082710e+6 2.381150e+0 4.084980e+6 2.268380e+0
 4.087830e+6 1.932700e+0 4.091240e+6 1.722920e+0 4.094660e+6 1.642050e+0
 4.096400e+6 1.659690e+0 4.098090e+6 1.676820e+0 4.100000e+6 1.642990e+0
 4.101520e+6 1.616070e+0 4.104380e+6 1.733490e+0 4.106670e+6 1.761680e+0
 4.108960e+6 1.934100e+0 4.111250e+6 1.965800e+0 4.113550e+6 2.232060e+0
 4.115850e+6 2.398440e+0 4.118150e+6 2.543250e+0 4.120450e+6 2.442230e+0
 4.122760e+6 2.215510e+0 4.125060e+6 2.142620e+0 4.127950e+6 2.057250e+0
 4.131410e+6 2.013080e+0 4.134890e+6 1.925570e+0 4.136400e+6 1.935650e+0
 4.138360e+6 1.948740e+0 4.140000e+6 1.884140e+0 4.141840e+6 1.811660e+0
 4.145320e+6 1.732770e+0 4.148810e+6 1.713300e+0 4.152310e+6 1.667660e+0
 4.155220e+6 1.694380e+0 4.157550e+6 1.777340e+0 4.159890e+6 1.862770e+0
 4.162230e+6 2.013870e+0 4.164570e+6 2.125510e+0 4.166910e+6 2.068820e+0
 4.169250e+6 2.053950e+0 4.171600e+6 1.785060e+0 4.173940e+6 1.455990e+0
 4.176290e+6 1.216600e+0 4.178640e+6 1.108130e+0 4.180000e+6 1.127050e+0
 4.181000e+6 1.140960e+0 4.183350e+6 1.248020e+0 4.185710e+6 1.272410e+0
 4.186100e+6 1.296610e+0 4.188070e+6 1.418850e+0 4.190430e+6 1.634280e+0
 4.192790e+6 1.740980e+0 4.195160e+6 1.892360e+0 4.197530e+6 2.007880e+0
 4.199900e+6 2.268370e+0 4.202270e+6 2.609590e+0 4.204640e+6 2.624370e+0
 4.207020e+6 2.939020e+0 4.209390e+6 3.305460e+0 4.211770e+6 3.635830e+0
 4.214150e+6 3.717430e+0 4.216540e+6 3.826040e+0 4.218920e+6 3.589150e+0
 4.220000e+6 3.610900e+0 4.221000e+6 3.631070e+0 4.221310e+6 3.637290e+0
 4.223700e+6 3.595200e+0 4.226090e+6 3.491080e+0 4.228490e+6 3.316590e+0
 4.230880e+6 3.184590e+0 4.233280e+6 2.946970e+0 4.235680e+6 2.996800e+0
 4.238680e+6 2.818270e+0 4.240000e+6 2.792720e+0 4.242290e+6 2.748400e+0
 4.245900e+6 2.653700e+0 4.249520e+6 2.648200e+0 4.253140e+6 2.732400e+0
 4.256760e+6 2.716280e+0 4.259300e+6 2.783500e+0 4.260000e+6 2.802030e+0
 4.260390e+6 2.812350e+0 4.264030e+6 2.866570e+0 4.267670e+6 3.046880e+0
 4.271310e+6 2.969110e+0 4.274960e+6 2.959840e+0 4.278620e+6 2.770750e+0
 4.282280e+6 2.515030e+0 4.283600e+6 2.491020e+0 4.285940e+6 2.448430e+0
 4.289610e+6 2.464590e+0 4.293280e+6 2.337850e+0 4.296960e+6 2.525540e+0
 4.300000e+6 2.441790e+0 4.300640e+6 2.424160e+0 4.304330e+6 2.410550e+0
 4.308020e+6 2.437700e+0 4.309000e+6 2.458440e+0 4.311710e+6 2.515780e+0
 4.315410e+6 2.255380e+0 4.319120e+6 2.147380e+0 4.322830e+6 2.124480e+0
 4.326550e+6 2.063870e+0 4.330270e+6 2.306070e+0 4.333990e+6 2.566320e+0
 4.337720e+6 2.599830e+0 4.340000e+6 2.514140e+0 4.341460e+6 2.459260e+0
 4.342100e+6 2.461650e+0 4.345200e+6 2.473190e+0 4.348940e+6 2.573290e+0
 4.352690e+6 2.553070e+0 4.355820e+6 2.827800e+0 4.358320e+6 2.917150e+0
 4.360000e+6 2.797390e+0 4.360830e+6 2.738230e+0 4.363340e+6 2.599100e+0
 4.366480e+6 2.455550e+0 4.370250e+6 2.202260e+0 4.374030e+6 2.170740e+0
 4.377810e+6 2.040100e+0 4.381600e+6 1.961630e+0 4.384100e+6 1.859700e+0
 4.385390e+6 1.807100e+0 4.389190e+6 1.818730e+0 4.392990e+6 1.862700e+0
 4.396790e+6 2.030850e+0 4.400000e+6 2.154050e+0 4.400610e+6 2.177460e+0
 4.404420e+6 2.298810e+0 4.408240e+6 2.392000e+0 4.412070e+6 2.262430e+0
 4.415660e+6 2.498180e+0 4.415900e+6 2.513940e+0 4.417100e+6 2.474030e+0
 4.419740e+6 2.386230e+0 4.421000e+6 2.402130e+0 4.423580e+6 2.434700e+0
 4.427430e+6 2.473320e+0 4.431280e+6 2.356230e+0 4.435130e+6 2.280490e+0
 4.439000e+6 2.399970e+0 4.442860e+6 2.381460e+0 4.446730e+6 2.292620e+0
 4.450610e+6 2.447270e+0 4.454490e+6 2.511760e+0 4.458380e+6 2.496100e+0
 4.462100e+6 2.357370e+0 4.462270e+6 2.351050e+0 4.466170e+6 2.187210e+0
 4.470070e+6 2.332860e+0 4.473980e+6 2.450860e+0 4.477890e+6 2.506400e+0
 4.480000e+6 2.522960e+0 4.481810e+6 2.537190e+0 4.485730e+6 2.597400e+0
 4.489660e+6 2.791460e+0 4.493590e+6 2.688270e+0 4.497530e+6 2.677910e+0
 4.500000e+6 2.546890e+0 4.501480e+6 2.468380e+0 4.503000e+6 2.507490e+0
 4.505420e+6 2.569780e+0 4.509380e+6 2.412450e+0 4.512680e+6 2.289810e+0
 4.515320e+6 2.472100e+0 4.517960e+6 2.566880e+0 4.520000e+6 2.719720e+0
 4.520610e+6 2.765420e+0 4.523260e+6 3.057570e+0 4.525910e+6 3.020560e+0
 4.526000e+6 3.025620e+0 4.528560e+6 3.169380e+0 4.531220e+6 3.046940e+0
 4.533880e+6 3.008500e+0 4.536540e+6 2.906990e+0 4.539200e+6 3.002680e+0
 4.540000e+6 3.006260e+0 4.541870e+6 3.014630e+0 4.544530e+6 2.735960e+0
 4.547200e+6 2.575970e+0 4.549880e+6 2.142980e+0 4.552550e+6 2.081110e+0
 4.555230e+6 1.995280e+0 4.557910e+6 1.995370e+0 4.560000e+6 1.990300e+0
 4.560590e+6 1.988870e+0 4.563270e+6 1.994890e+0 4.565960e+6 2.179090e+0
 4.568650e+6 2.346140e+0 4.571340e+6 2.248310e+0 4.572600e+6 2.104050e+0
 4.574030e+6 1.940330e+0 4.576730e+6 1.787180e+0 4.579430e+6 1.710490e+0
 4.580000e+6 1.736390e+0 4.582130e+6 1.833190e+0 4.585510e+6 1.731770e+0
 4.589570e+6 1.964560e+0 4.593630e+6 1.963400e+0 4.597700e+6 2.029270e+0
 4.600000e+6 1.999340e+0 4.601780e+6 1.976190e+0 4.605860e+6 2.170930e+0
 4.609950e+6 2.290310e+0 4.614040e+6 2.403240e+0 4.618140e+6 2.459150e+0
 4.620000e+6 2.487230e+0 4.622240e+6 2.521060e+0 4.626350e+6 2.616340e+0
 4.630470e+6 2.673100e+0 4.634590e+6 2.740980e+0 4.638710e+6 2.706520e+0
 4.640000e+6 2.755450e+0 4.642850e+6 2.863550e+0 4.646980e+6 2.899320e+0
 4.651120e+6 2.715090e+0 4.655270e+6 2.777600e+0 4.659430e+6 2.740880e+0
 4.660000e+6 2.737000e+0 4.663590e+6 2.712600e+0 4.663600e+6 2.713050e+0
 4.667750e+6 2.897400e+0 4.671920e+6 2.694060e+0 4.676100e+6 2.584090e+0
 4.680280e+6 2.495280e+0 4.684460e+6 2.396290e+0 4.688660e+6 2.521540e+0
 4.692160e+6 2.495150e+0 4.694960e+6 2.655600e+0 4.697760e+6 2.663070e+0
 4.700000e+6 2.859670e+0 4.700570e+6 2.909690e+0 4.703380e+6 3.079530e+0
 4.706190e+6 3.277350e+0 4.709000e+6 3.297380e+0 4.711820e+6 3.024040e+0
 4.714640e+6 2.727990e+0 4.717460e+6 2.484440e+0 4.720000e+6 2.341530e+0
 4.720280e+6 2.325770e+0 4.723110e+6 2.050380e+0 4.723200e+6 2.050700e+0
 4.725940e+6 2.060220e+0 4.728770e+6 2.029520e+0 4.731600e+6 2.308780e+0
 4.734440e+6 2.830650e+0 4.737280e+6 3.191030e+0 4.740000e+6 3.276730e+0
 4.740120e+6 3.280510e+0 4.742970e+6 3.113660e+0 4.746530e+6 3.083830e+0
 4.750800e+6 3.045550e+0 4.755090e+6 3.142420e+0 4.759370e+6 3.353070e+0
 4.763670e+6 3.422230e+0 4.767970e+6 3.675120e+0 4.772270e+6 3.673290e+0
 4.775600e+6 3.538370e+0 4.776580e+6 3.498660e+0 4.777400e+6 3.483360e+0
 4.780000e+6 3.434860e+0 4.780900e+6 3.418070e+0 4.781380e+6 3.429790e+0
 4.783500e+6 3.464470e+0 4.785230e+6 3.523850e+0 4.789550e+6 3.511510e+0
 4.793170e+6 3.184570e+0 4.796060e+6 2.870160e+0 4.798950e+6 2.714190e+0
 4.800000e+6 2.731780e+0 4.801850e+6 2.762790e+0 4.804750e+6 2.765290e+0
 4.807660e+6 2.668610e+0 4.809900e+6 2.734470e+0 4.810560e+6 2.753870e+0
 4.813470e+6 2.899360e+0 4.816380e+6 2.939690e+0 4.819290e+6 2.863390e+0
 4.820000e+6 2.851280e+0 4.822210e+6 2.813580e+0 4.825130e+6 2.461710e+0
 4.828050e+6 2.165690e+0 4.830980e+6 2.153070e+0 4.833900e+6 2.047500e+0
 4.836830e+6 2.026390e+0 4.839770e+6 2.236190e+0 4.840000e+6 2.239070e+0
 4.842400e+6 2.269120e+0 4.842700e+6 2.272870e+0 4.845640e+6 2.395260e+0
 4.848580e+6 2.433100e+0 4.851520e+6 2.581400e+0 4.854470e+6 2.941570e+0
 4.857410e+6 3.273010e+0 4.860000e+6 3.479610e+0 4.860370e+6 3.509120e+0
 4.863320e+6 3.656250e+0 4.864000e+6 3.595430e+0 4.866280e+6 3.391510e+0
 4.869240e+6 3.337280e+0 4.872200e+6 3.033430e+0 4.875160e+6 2.794850e+0
 4.878130e+6 2.477830e+0 4.880000e+6 2.334720e+0 4.881100e+6 2.250530e+0
 4.884070e+6 2.077120e+0 4.887050e+6 2.196280e+0 4.890770e+6 2.058230e+0
 4.895240e+6 2.165020e+0 4.896500e+6 2.188740e+0 4.899720e+6 2.249350e+0
 4.900000e+6 2.262600e+0 4.903460e+6 2.426270e+0 4.906460e+6 2.823490e+0
 4.909450e+6 3.048610e+0 4.912450e+6 3.138470e+0 4.915450e+6 3.096490e+0
 4.918460e+6 3.014160e+0 4.921460e+6 2.878590e+0 4.924470e+6 2.574350e+0
 4.927490e+6 2.349840e+0 4.930500e+6 2.238410e+0 4.934270e+6 2.331700e+0
 4.938810e+6 2.236800e+0 4.940000e+6 2.237270e+0 4.943350e+6 2.238580e+0
 4.947890e+6 2.197420e+0 4.952450e+6 2.419290e+0 4.954000e+6 2.436310e+0
 4.957000e+6 2.469260e+0 4.960000e+6 2.450730e+0 4.961570e+6 2.441030e+0
 4.966140e+6 2.234810e+0 4.970720e+6 2.035700e+0 4.975300e+6 1.931230e+0
 4.979890e+6 1.974980e+0 4.980000e+6 1.977270e+0 4.984490e+6 2.070810e+0
 4.989090e+6 2.214760e+0 4.993700e+6 2.391320e+0 4.998320e+6 2.595350e+0
 5.000000e+6 2.609710e+0 5.002940e+6 2.634840e+0 5.006210e+6 2.792960e+0
 5.006600e+6 2.811810e+0 5.007570e+6 2.858720e+0 5.012200e+6 2.775240e+0
 5.016850e+6 2.827840e+0 5.020000e+6 2.767620e+0 5.021490e+6 2.739130e+0
 5.026150e+6 2.424930e+0 5.029800e+6 2.182090e+0 5.030810e+6 2.114890e+0
 5.034700e+6 2.018480e+0 5.037810e+6 1.877510e+0 5.040000e+6 1.858940e+0
 5.040930e+6 1.851050e+0 5.044050e+6 1.862750e+0 5.047170e+6 1.842640e+0
 5.049000e+6 1.826990e+0 5.049720e+6 1.820830e+0 5.050300e+6 1.815870e+0
 5.053430e+6 1.846520e+0 5.056560e+6 1.889320e+0 5.059700e+6 2.001570e+0
 5.062830e+6 2.157220e+0 5.065980e+6 2.360480e+0 5.069120e+6 2.549970e+0
 5.072270e+6 2.656760e+0 5.075420e+6 2.814800e+0 5.078570e+6 2.987480e+0
 5.080000e+6 2.876110e+0 5.081720e+6 2.742170e+0 5.084880e+6 2.526040e+0
 5.088830e+6 2.510330e+0 5.093580e+6 2.213280e+0 5.098340e+6 2.163060e+0
 5.100000e+6 2.194960e+0 5.103100e+6 2.254530e+0 5.107870e+6 2.526050e+0
 5.111100e+6 2.598720e+0 5.112640e+6 2.633370e+0 5.117430e+6 2.775580e+0
 5.122220e+6 2.667700e+0 5.127010e+6 2.316590e+0 5.131010e+6 2.327230e+0
 5.134220e+6 2.058900e+0 5.137430e+6 2.391910e+0 5.140000e+6 2.630320e+0
 5.140640e+6 2.689690e+0 5.143850e+6 3.009970e+0 5.147070e+6 3.062840e+0
 5.150100e+6 3.059290e+0 5.150290e+6 3.059080e+0 5.153510e+6 3.435560e+0
 5.154000e+6 3.434450e+0 5.156740e+6 3.428200e+0 5.158500e+6 3.324450e+0
 5.159960e+6 3.238380e+0 5.160000e+6 3.235260e+0 5.163200e+6 2.986090e+0
 5.166430e+6 2.800700e+0 5.169670e+6 2.664850e+0 5.172910e+6 2.376020e+0
 5.176970e+6 2.275160e+0 5.181840e+6 2.289950e+0 5.186720e+6 2.272140e+0
 5.191610e+6 2.424120e+0 5.194500e+6 2.571060e+0 5.196500e+6 2.672750e+0
 5.200000e+6 2.888610e+0 5.201400e+6 2.974950e+0 5.206310e+6 3.067870e+0
 5.211220e+6 2.799410e+0 5.216140e+6 2.404480e+0 5.217200e+6 2.377550e+0
 5.220000e+6 2.306400e+0 5.221070e+6 2.279210e+0 5.226010e+6 2.123570e+0
 5.230950e+6 2.129030e+0 5.235900e+6 2.228850e+0 5.240000e+6 2.313750e+0
 5.240860e+6 2.331550e+0 5.245820e+6 2.246820e+0 5.250000e+6 2.123720e+0
 5.250790e+6 2.100470e+0 5.255770e+6 1.962170e+0 5.260000e+6 2.005880e+0
 5.260760e+6 2.013730e+0 5.265750e+6 1.988350e+0 5.270750e+6 2.017510e+0
 5.272500e+6 2.066330e+0 5.275750e+6 2.156980e+0 5.280000e+6 2.079840e+0
 5.280770e+6 2.065870e+0 5.285790e+6 1.977440e+0 5.290820e+6 1.779480e+0
 5.295850e+6 1.750250e+0 5.300000e+6 2.092610e+0 5.300890e+6 2.166030e+0
 5.305940e+6 2.475590e+0 5.311000e+6 2.566280e+0 5.316060e+6 2.529060e+0
 5.320000e+6 2.196880e+0 5.321140e+6 2.100770e+0 5.326210e+6 1.827050e+0
 5.331300e+6 1.831140e+0 5.336390e+6 1.741610e+0 5.340000e+6 1.643850e+0
 5.341490e+6 1.603500e+0 5.346600e+6 1.485070e+0 5.351720e+6 1.435350e+0
 5.352100e+6 1.430650e+0 5.356840e+6 1.371990e+0 5.360000e+6 1.353760e+0
 5.361970e+6 1.342390e+0 5.367110e+6 1.493900e+0 5.372250e+6 1.599260e+0
 5.375400e+6 1.784200e+0 5.377410e+6 1.902220e+0 5.382560e+6 1.800660e+0
 5.387730e+6 1.791060e+0 5.392910e+6 1.862070e+0 5.398090e+6 1.789980e+0
 5.399200e+6 1.803590e+0 5.400000e+6 1.813400e+0 5.400100e+6 1.814620e+0
 5.401980e+6 1.837670e+0 5.403280e+6 1.853610e+0 5.408470e+6 1.903290e+0
 5.413680e+6 1.942180e+0 5.418890e+6 1.911380e+0 5.420900e+6 1.916660e+0
 5.421660e+6 1.918650e+0 5.424110e+6 1.925070e+0 5.428470e+6 1.919730e+0
 5.431950e+6 1.716470e+0 5.435450e+6 1.465470e+0 5.438940e+6 1.467700e+0
 5.440000e+6 1.397990e+0 5.442440e+6 1.237530e+0 5.445940e+6 1.155210e+0
 5.449450e+6 1.219370e+0 5.449500e+6 1.220010e+0 5.452950e+6 1.264150e+0
 5.456470e+6 1.221760e+0 5.459980e+6 1.526200e+0 5.460000e+6 1.526710e+0
 5.463500e+6 1.616660e+0 5.467020e+6 1.817020e+0 5.470550e+6 1.936940e+0
 5.474080e+6 1.802940e+0 5.477610e+6 1.906560e+0 5.481150e+6 1.935970e+0
 5.484690e+6 1.892080e+0 5.488230e+6 2.028630e+0 5.491770e+6 2.099930e+0
 5.495000e+6 1.982740e+0 5.495320e+6 1.971130e+0 5.498880e+6 2.116070e+0
 5.500000e+6 2.137140e+0 5.502430e+6 2.182860e+0 5.505990e+6 2.366520e+0
 5.509560e+6 2.415070e+0 5.510000e+6 2.415170e+0 5.513120e+6 2.415860e+0
 5.516690e+6 2.059660e+0 5.520000e+6 2.131630e+0 5.520270e+6 2.137500e+0
 5.523850e+6 2.124980e+0 5.528320e+6 2.016540e+0 5.533700e+6 1.944690e+0
 5.539090e+6 1.929680e+0 5.540000e+6 1.939800e+0 5.544480e+6 1.989570e+0
 5.549880e+6 2.213450e+0 5.555300e+6 2.259230e+0 5.560000e+6 2.245620e+0
 5.560710e+6 2.243560e+0 5.566140e+6 2.339910e+0 5.571580e+6 2.443420e+0
 5.577020e+6 2.317730e+0 5.580000e+6 2.206680e+0 5.581500e+6 2.150780e+0
 5.582250e+6 2.122840e+0 5.582470e+6 2.114640e+0 5.587930e+6 1.935690e+0
 5.590000e+6 1.891850e+0 5.593390e+6 1.820060e+0 5.598870e+6 1.905380e+0
 5.600000e+6 1.951380e+0 5.604350e+6 2.128460e+0 5.608100e+6 2.312320e+0
 5.609840e+6 2.397630e+0 5.610000e+6 2.396140e+0 5.615340e+6 2.346350e+0
 5.620000e+6 2.271490e+0 5.620850e+6 2.257850e+0 5.626360e+6 2.078050e+0
 5.631890e+6 2.270610e+0 5.634100e+6 2.208600e+0 5.637420e+6 2.115450e+0
 5.640000e+6 2.020560e+0 5.642960e+6 1.911700e+0 5.646800e+6 1.952880e+0
 5.647520e+6 1.960590e+0 5.648510e+6 1.971210e+0 5.654060e+6 2.086170e+0
 5.659630e+6 2.092560e+0 5.660000e+6 2.098700e+0 5.665200e+6 2.184980e+0
 5.670000e+6 2.218370e+0 5.670780e+6 2.223800e+0 5.676370e+6 2.298660e+0
 5.676800e+6 2.303730e+0 5.677570e+6 2.312820e+0 5.679900e+6 2.340310e+0
 5.680680e+6 2.349520e+0 5.681970e+6 2.364740e+0 5.687570e+6 2.574400e+0
 5.690000e+6 2.582900e+0 5.693190e+6 2.594060e+0 5.698810e+6 2.815950e+0
 5.700000e+6 2.851860e+0 5.704440e+6 2.985830e+0 5.710080e+6 3.046550e+0
 5.715720e+6 2.882080e+0 5.720000e+6 2.832070e+0 5.721200e+6 2.818050e+0
 5.721380e+6 2.815950e+0 5.727050e+6 2.756500e+0 5.732720e+6 2.549670e+0
 5.738400e+6 2.561770e+0 5.740000e+6 2.526720e+0 5.744090e+6 2.437140e+0
 5.749790e+6 2.448750e+0 5.750000e+6 2.447680e+0 5.755490e+6 2.419820e+0
 5.760000e+6 2.349370e+0 5.761210e+6 2.330470e+0 5.766930e+6 2.465240e+0
 5.770600e+6 2.442380e+0 5.772660e+6 2.429550e+0 5.778410e+6 2.419570e+0
 5.780000e+6 2.416090e+0 5.784150e+6 2.407000e+0 5.789910e+6 2.524700e+0
 5.795680e+6 2.500260e+0 5.800000e+6 2.516880e+0 5.801460e+6 2.522500e+0
 5.807240e+6 2.353170e+0 5.813030e+6 2.431650e+0 5.817400e+6 2.356370e+0
 5.818830e+6 2.331740e+0 5.820000e+6 2.363670e+0 5.824640e+6 2.490190e+0
 5.830460e+6 2.497560e+0 5.834800e+6 2.494740e+0 5.836290e+6 2.493760e+0
 5.840000e+6 2.554370e+0 5.842130e+6 2.589170e+0 5.847970e+6 2.539950e+0
 5.852850e+6 2.626150e+0 5.856760e+6 2.906790e+0 5.860000e+6 2.982380e+0
 5.860670e+6 2.998010e+0 5.864580e+6 3.053650e+0 5.868500e+6 2.846640e+0
 5.872420e+6 2.474340e+0 5.876350e+6 2.203520e+0 5.880000e+6 2.090730e+0
 5.880280e+6 2.082080e+0 5.884210e+6 1.983110e+0 5.888150e+6 2.017590e+0
 5.892090e+6 2.148770e+0 5.896040e+6 2.157630e+0 5.899990e+6 2.147050e+0
 5.900000e+6 2.146580e+0 5.903940e+6 1.961770e+0 5.907900e+6 1.826120e+0
 5.911860e+6 1.924850e+0 5.915830e+6 1.933420e+0 5.919800e+6 1.881080e+0
 5.920000e+6 1.885370e+0 5.923770e+6 1.966250e+0 5.927750e+6 2.039830e+0
 5.931730e+6 2.034200e+0 5.935720e+6 2.081700e+0 5.939710e+6 2.226800e+0
 5.940000e+6 2.204100e+0 5.943700e+6 1.914470e+0 5.947700e+6 1.853800e+0
 5.951700e+6 1.846830e+0 5.955710e+6 1.584060e+0 5.959720e+6 1.708790e+0
 5.960000e+6 1.714900e+0 5.963730e+6 1.796270e+0 5.968760e+6 1.965750e+0
 5.974790e+6 2.121490e+0 5.980000e+6 2.124570e+0 5.980840e+6 2.125070e+0
 5.986900e+6 2.054040e+0 5.992960e+6 1.875240e+0 5.999030e+6 1.874180e+0
 6.000000e+6 1.890970e+0 6.005120e+6 1.979620e+0 6.009900e+6 2.091510e+0
 6.011210e+6 2.122170e+0 6.017310e+6 2.163310e+0 6.020000e+6 2.212850e+0
 6.023420e+6 2.275820e+0 6.029540e+6 2.232060e+0 6.035670e+6 2.302850e+0
 6.040000e+6 2.429370e+0 6.041810e+6 2.482260e+0 6.047960e+6 2.379900e+0
 6.054120e+6 2.360700e+0 6.056700e+6 2.390860e+0 6.060000e+6 2.429430e+0
 6.060280e+6 2.432700e+0 6.066460e+6 2.452830e+0 6.072650e+6 2.253050e+0
 6.078840e+6 2.162250e+0 6.085050e+6 2.195300e+0 6.086600e+6 2.186290e+0
 6.091260e+6 2.159220e+0 6.097490e+6 2.189980e+0 6.100000e+6 2.121320e+0
 6.103720e+6 2.019560e+0 6.109960e+6 1.785420e+0 6.116220e+6 1.555070e+0
 6.120000e+6 1.511740e+0 6.122480e+6 1.483320e+0 6.128750e+6 1.441350e+0
 6.135030e+6 1.552010e+0 6.140000e+6 1.595230e+0 6.141330e+6 1.606790e+0
 6.147630e+6 1.616960e+0 6.153940e+6 1.770310e+0 6.160000e+6 1.913370e+0
 6.160260e+6 1.919510e+0 6.167650e+6 1.981910e+0 6.176100e+6 2.072070e+0
 6.180000e+6 2.005960e+0 6.184580e+6 1.928330e+0 6.193070e+6 1.907280e+0
 6.200000e+6 1.918730e+0 6.201590e+6 1.921350e+0 6.210110e+6 1.938430e+0
 6.213400e+6 2.040380e+0 6.215280e+6 2.098620e+0 6.218660e+6 2.203380e+0
 6.220000e+6 2.224930e+0 6.222100e+6 2.258700e+0 6.227220e+6 2.341050e+0
 6.235810e+6 2.529470e+0 6.236100e+6 2.539000e+0 6.240000e+6 2.667050e+0
 6.244410e+6 2.811870e+0 6.250000e+6 2.865110e+0 6.253020e+6 2.893870e+0
 6.260000e+6 2.919220e+0 6.261660e+6 2.925240e+0 6.267300e+6 2.969410e+0
 6.270000e+6 2.990550e+0 6.270310e+6 2.992980e+0 6.272500e+6 2.988100e+0
 6.273300e+6 2.986310e+0 6.278700e+6 2.974270e+0 6.278980e+6 2.973650e+0
 6.280000e+6 2.975040e+0 6.280550e+6 2.975790e+0 6.281800e+6 2.977500e+0
 6.282620e+6 2.978610e+0 6.285500e+6 2.982540e+0 6.289850e+6 3.119300e+0
 6.290000e+6 3.116430e+0 6.294200e+6 3.035960e+0 6.298560e+6 2.950880e+0
 6.300000e+6 2.899210e+0 6.302920e+6 2.794430e+0 6.306300e+6 2.703340e+0
 6.307290e+6 2.676650e+0 6.310000e+6 2.536720e+0 6.311660e+6 2.451010e+0
 6.316040e+6 2.285090e+0 6.320000e+6 2.104580e+0 6.320420e+6 2.085440e+0
 6.324800e+6 2.034610e+0 6.329190e+6 1.978530e+0 6.333590e+6 1.969260e+0
 6.337990e+6 1.924760e+0 6.340000e+6 1.910890e+0 6.342390e+6 1.894400e+0
 6.346800e+6 1.820480e+0 6.351210e+6 1.980540e+0 6.353080e+6 2.023450e+0
 6.353300e+6 2.028500e+0 6.355630e+6 2.081960e+0 6.360000e+6 2.237850e+0
 6.360050e+6 2.239630e+0 6.364480e+6 2.361580e+0 6.368910e+6 2.194560e+0
 6.370000e+6 2.175490e+0 6.373350e+6 2.116870e+0 6.377790e+6 2.154990e+0
 6.380000e+6 2.160050e+0 6.382240e+6 2.165170e+0 6.386690e+6 2.174480e+0
 6.388200e+6 2.176120e+0 6.391140e+6 2.179310e+0 6.395600e+6 2.002940e+0
 6.400000e+6 1.821470e+0 6.400070e+6 1.818580e+0 6.404530e+6 1.880870e+0
 6.409010e+6 1.986450e+0 6.413490e+6 1.917390e+0 6.417970e+6 2.100840e+0
 6.420000e+6 2.102820e+0 6.422460e+6 2.105210e+0 6.426950e+6 2.146260e+0
 6.431450e+6 2.351380e+0 6.435950e+6 2.372560e+0 6.440000e+6 2.550410e+0
 6.440460e+6 2.570610e+0 6.444970e+6 2.263820e+0 6.449480e+6 2.018750e+0
 6.454010e+6 1.923970e+0 6.458530e+6 1.987880e+0 6.460000e+6 1.911870e+0
 6.463060e+6 1.753630e+0 6.464400e+6 1.726210e+0 6.469870e+6 1.614300e+0
 6.478960e+6 1.527940e+0 6.480000e+6 1.527090e+0 6.488070e+6 1.520530e+0
 6.497200e+6 1.453390e+0 6.500000e+6 1.539680e+0 6.502300e+6 1.610570e+0
 6.506340e+6 1.735080e+0 6.515510e+6 1.809700e+0 6.524500e+6 1.773520e+0
 6.524700e+6 1.772720e+0 6.533900e+6 1.743810e+0 6.540000e+6 1.676210e+0
 6.543130e+6 1.641520e+0 6.552380e+6 1.528480e+0 6.560000e+6 1.506140e+0
 6.561640e+6 1.501330e+0 6.570930e+6 1.368470e+0 6.572900e+6 1.365410e+0
 6.573760e+6 1.364080e+0 6.580000e+6 1.354390e+0 6.580230e+6 1.354030e+0
 6.589550e+6 1.231470e+0 6.592600e+6 1.238640e+0 6.598900e+6 1.253440e+0
 6.600000e+6 1.264130e+0 6.608260e+6 1.344410e+0 6.617650e+6 1.593120e+0
 6.620000e+6 1.620120e+0 6.627050e+6 1.701130e+0 6.636480e+6 1.887890e+0
 6.640000e+6 1.973880e+0 6.645920e+6 2.118490e+0 6.653020e+6 2.257170e+0
 6.657760e+6 2.151210e+0 6.662500e+6 2.221660e+0 6.667250e+6 2.295900e+0
 6.670000e+6 2.308230e+0 6.672000e+6 2.317190e+0 6.672300e+6 2.315220e+0
 6.673220e+6 2.309180e+0 6.676760e+6 2.285920e+0 6.680000e+6 2.267960e+0
 6.681520e+6 2.259540e+0 6.686290e+6 2.565020e+0 6.690000e+6 2.557090e+0
 6.691060e+6 2.554830e+0 6.695840e+6 2.668870e+0 6.700630e+6 2.687640e+0
 6.705410e+6 2.548500e+0 6.708900e+6 2.480600e+0 6.710000e+6 2.459210e+0
 6.710210e+6 2.455120e+0 6.710700e+6 2.449820e+0 6.715010e+6 2.403190e+0
 6.719810e+6 2.268120e+0 6.720000e+6 2.269270e+0 6.724620e+6 2.297290e+0
 6.729440e+6 2.244760e+0 6.730000e+6 2.238170e+0 6.734250e+6 2.188170e+0
 6.739080e+6 2.172790e+0 6.740000e+6 2.192020e+0 6.743910e+6 2.273730e+0
 6.749950e+6 2.187990e+0 6.750000e+6 2.187540e+0 6.750920e+6 2.179210e+0
 6.757220e+6 2.122200e+0 6.760000e+6 2.125780e+0 6.764500e+6 2.131570e+0
 6.771780e+6 2.218190e+0 6.773000e+6 2.225770e+0 6.779090e+6 2.263610e+0
 6.780000e+6 2.253380e+0 6.786400e+6 2.181410e+0 6.790400e+6 2.114270e+0
 6.793720e+6 2.058550e+0 6.794400e+6 2.053790e+0 6.800000e+6 2.014590e+0
 6.801060e+6 2.007170e+0 6.808400e+6 1.914190e+0 6.815760e+6 1.799640e+0
 6.820000e+6 1.871330e+0 6.823140e+6 1.924420e+0 6.830520e+6 1.957050e+0
 6.837920e+6 1.791090e+0 6.840000e+6 1.796560e+0 6.845320e+6 1.810540e+0
 6.852740e+6 1.893300e+0 6.857800e+6 2.026450e+0 6.859700e+6 2.076440e+0
 6.860000e+6 2.084330e+0 6.860180e+6 2.089070e+0 6.867620e+6 2.152500e+0
 6.875080e+6 1.996100e+0 6.882540e+6 1.948230e+0 6.890030e+6 1.996340e+0
 6.897520e+6 2.030290e+0 6.905020e+6 1.911340e+0 6.912540e+6 1.853660e+0
 6.920000e+6 1.769360e+0 6.920070e+6 1.768570e+0 6.927610e+6 1.700790e+0
 6.932200e+6 1.631000e+0 6.935170e+6 1.585850e+0 6.937400e+6 1.610050e+0
 6.940000e+6 1.638270e+0 6.942740e+6 1.668000e+0 6.950000e+6 1.610630e+0
 6.950320e+6 1.608100e+0 6.951900e+6 1.659720e+0 6.957910e+6 1.856060e+0
 6.960000e+6 1.903070e+0 6.965510e+6 2.027020e+0 6.973130e+6 2.149370e+0
 6.980000e+6 2.071450e+0 6.980760e+6 2.062830e+0 6.988400e+6 1.920430e+0
 6.996060e+6 1.846060e+0 7.000000e+6 1.834690e+0 7.001500e+6 1.830360e+0
 7.003720e+6 1.823950e+0 7.011400e+6 1.911650e+0 7.019100e+6 2.100700e+0
 7.020000e+6 2.108930e+0 7.026800e+6 2.171130e+0 7.034520e+6 2.168860e+0
 7.040000e+6 2.221500e+0 7.042250e+6 2.243120e+0 7.049600e+6 2.192800e+0
 7.049990e+6 2.190130e+0 7.057750e+6 2.157940e+0 7.060000e+6 2.176780e+0
 7.066820e+6 2.233900e+0 7.077200e+6 2.217850e+0 7.080000e+6 2.136060e+0
 7.087600e+6 1.914040e+0 7.091900e+6 1.823970e+0 7.093850e+6 1.783120e+0
 7.098030e+6 1.695560e+0 7.100000e+6 1.665520e+0 7.107300e+6 1.554190e+0
 7.108480e+6 1.536190e+0 7.109800e+6 1.527570e+0 7.115700e+6 1.489040e+0
 7.118960e+6 1.467750e+0 7.120000e+6 1.469320e+0 7.127000e+6 1.479930e+0
 7.129460e+6 1.483650e+0 7.135000e+6 1.509920e+0 7.137400e+6 1.521300e+0
 7.139980e+6 1.533540e+0 7.140000e+6 1.533720e+0 7.150520e+6 1.629170e+0
 7.160000e+6 1.803370e+0 7.161090e+6 1.823400e+0 7.161900e+6 1.835260e+0
 7.171680e+6 1.978430e+0 7.176700e+6 2.008190e+0 7.182300e+6 2.041390e+0
 7.192930e+6 2.065680e+0 7.200000e+6 2.073430e+0 7.203600e+6 2.077380e+0
 7.214000e+6 2.162680e+0 7.214280e+6 2.164980e+0 7.217200e+6 2.180710e+0
 7.220000e+6 2.195790e+0 7.224990e+6 2.222660e+0 7.235730e+6 2.058280e+0
 7.240000e+6 2.084330e+0 7.245140e+6 2.115690e+0 7.253220e+6 2.174830e+0
 7.260000e+6 2.127310e+0 7.261320e+6 2.118060e+0 7.261700e+6 2.120850e+0
 7.266100e+6 2.153110e+0 7.269430e+6 2.177530e+0 7.277550e+6 2.163980e+0
 7.280000e+6 2.178010e+0 7.285690e+6 2.210600e+0 7.293840e+6 2.213440e+0
 7.300000e+6 2.202880e+0 7.302000e+6 2.199450e+0 7.310180e+6 2.051580e+0
 7.318370e+6 2.205020e+0 7.326580e+6 2.336050e+0 7.334800e+6 2.406420e+0
 7.340000e+6 2.292650e+0 7.343030e+6 2.226350e+0 7.351280e+6 2.249730e+0
 7.359540e+6 2.190910e+0 7.360000e+6 2.189000e+0 7.367810e+6 2.156640e+0
 7.376100e+6 2.250600e+0 7.380000e+6 2.276690e+0 7.384410e+6 2.306190e+0
 7.392720e+6 2.280830e+0 7.400000e+6 2.155550e+0 7.401050e+6 2.137480e+0
 7.409400e+6 2.070440e+0 7.417760e+6 2.091640e+0 7.420000e+6 2.108860e+0
 7.426130e+6 2.155970e+0 7.434520e+6 2.277320e+0 7.440000e+6 2.325940e+0
 7.442920e+6 2.351840e+0 7.451340e+6 2.272240e+0 7.460000e+6 2.151180e+0
 7.462590e+6 2.114970e+0 7.476680e+6 1.942890e+0 7.480000e+6 1.936800e+0
 7.490810e+6 1.916970e+0 7.500000e+6 1.964740e+0 7.504980e+6 1.990630e+0
 7.514600e+6 1.948410e+0 7.519190e+6 1.928260e+0 7.520000e+6 1.934550e+0
 7.533450e+6 2.039010e+0 7.540000e+6 2.012270e+0 7.547740e+6 1.980680e+0
 7.550000e+6 1.986750e+0 7.562080e+6 2.019180e+0 7.576450e+6 1.975210e+0
 7.578800e+6 1.986180e+0 7.580000e+6 1.991780e+0 7.590870e+6 2.042520e+0
 7.600000e+6 2.036600e+0 7.605330e+6 2.033150e+0 7.619830e+6 1.960870e+0
 7.620000e+6 1.959030e+0 7.626400e+6 1.889910e+0 7.634370e+6 1.803820e+0
 7.640000e+6 1.900250e+0 7.647100e+6 2.021860e+0 7.648950e+6 2.053550e+0
 7.649000e+6 2.054230e+0 7.660000e+6 2.204800e+0 7.663580e+6 2.253800e+0
 7.678250e+6 2.125050e+0 7.680000e+6 2.106090e+0 7.682000e+6 2.084430e+0
 7.683000e+6 2.073590e+0 7.684400e+6 2.058430e+0 7.692960e+6 1.965700e+0
 7.700000e+6 1.957090e+0 7.707710e+6 1.947660e+0 7.718600e+6 2.100500e+0
 7.720000e+6 2.120140e+0 7.722500e+6 2.155230e+0 7.737340e+6 2.320830e+0
 7.740000e+6 2.297360e+0 7.752220e+6 2.189530e+0 7.760000e+6 2.182550e+0
 7.767150e+6 2.176130e+0 7.780000e+6 2.142900e+0 7.782110e+6 2.137440e+0
 7.797120e+6 2.220400e+0 7.800000e+6 2.198130e+0 7.803300e+6 2.172600e+0
 7.812180e+6 2.103920e+0 7.820000e+6 2.077320e+0 7.834840e+6 2.026840e+0
 7.840000e+6 2.038210e+0 7.860000e+6 2.082290e+0 7.865220e+6 2.093790e+0
 7.895770e+6 2.211790e+0 7.900000e+6 2.227930e+0 7.907500e+6 2.256550e+0
 7.920000e+6 2.304240e+0 7.926500e+6 2.329040e+0 7.940000e+6 2.269950e+0
 7.957410e+6 2.193750e+0 7.960000e+6 2.190310e+0 7.967600e+6 2.180220e+0
 7.980000e+6 2.163760e+0 7.988500e+6 2.152480e+0 8.000000e+6 2.138280e+0
 8.019780e+6 2.113860e+0 8.030000e+6 2.049260e+0 8.051240e+6 1.914990e+0
 8.060000e+6 1.871690e+0 8.071800e+6 1.813360e+0 8.080000e+6 1.772830e+0
 8.080200e+6 1.771840e+0 8.082880e+6 1.758590e+0 8.100000e+6 1.751930e+0
 8.114720e+6 1.746210e+0 8.120000e+6 1.756210e+0 8.140000e+6 1.794070e+0
 8.146740e+6 1.806830e+0 8.160000e+6 1.789080e+0 8.176100e+6 1.767520e+0
 8.178950e+6 1.763710e+0 8.211360e+6 1.954850e+0 8.219000e+6 1.972590e+0
 8.220000e+6 1.974910e+0 8.240000e+6 2.021360e+0 8.243960e+6 2.030550e+0
 8.260000e+6 2.002190e+0 8.276760e+6 1.972550e+0 8.280000e+6 1.968130e+0
 8.300000e+6 1.940840e+0 8.309750e+6 1.927540e+0 8.320000e+6 1.947090e+0
 8.342940e+6 1.990850e+0 8.360000e+6 2.043700e+0 8.376330e+6 2.094290e+0
 8.400000e+6 2.111110e+0 8.409930e+6 2.118170e+0 8.420000e+6 2.068600e+0
 8.443720e+6 1.951830e+0 8.460000e+6 1.976520e+0 8.477730e+6 2.003420e+0
 8.480000e+6 2.000920e+0 8.500000e+6 1.978860e+0 8.511930e+6 1.965700e+0
 8.520000e+6 1.975360e+0 8.540000e+6 1.999290e+0 8.546350e+6 2.006890e+0
 8.556800e+6 2.008270e+0 8.560000e+6 2.008700e+0 8.580000e+6 2.011340e+0
 8.580980e+6 2.011470e+0 8.584900e+6 2.013900e+0 8.600000e+6 2.023280e+0
 8.615820e+6 2.033100e+0 8.620000e+6 2.022710e+0 8.628300e+6 2.002090e+0
 8.640000e+6 1.973010e+0 8.650870e+6 1.946000e+0 8.660000e+6 1.958860e+0
 8.680000e+6 1.987050e+0 8.686140e+6 1.995700e+0 8.700000e+6 1.917710e+0
 8.716300e+6 1.825990e+0 8.721620e+6 1.796060e+0 8.740000e+6 1.738460e+0
 8.745300e+6 1.721860e+0 8.757330e+6 1.684160e+0 8.760000e+6 1.684090e+0
 8.770000e+6 1.683820e+0 8.780000e+6 1.683550e+0 8.793250e+6 1.683200e+0
 8.800000e+6 1.698050e+0 8.820000e+6 1.742040e+0 8.829400e+6 1.762720e+0
 8.851000e+6 1.845160e+0 8.865770e+6 1.901530e+0 8.898700e+6 1.981580e+0
 8.902370e+6 1.990500e+0 8.939190e+6 2.014650e+0 8.976250e+6 2.089510e+0
 8.980000e+6 2.097490e+0 8.981800e+6 2.101320e+0 9.000000e+6 2.140050e+0
 9.013540e+6 2.168860e+0 9.051060e+6 2.130720e+0 9.088820e+6 1.965190e+0
 9.126810e+6 1.884200e+0 9.130100e+6 1.878030e+0 9.165050e+6 1.812480e+0
 9.203530e+6 1.815880e+0 9.225000e+6 1.692420e+0 9.242250e+6 1.593230e+0
 9.281220e+6 1.689390e+0 9.320430e+6 1.961950e+0 9.324500e+6 1.962890e+0
 9.338600e+6 1.966150e+0 9.350010e+6 1.968790e+0 9.369800e+6 1.731800e+0
 9.389660e+6 1.821250e+0 9.409590e+6 2.004060e+0 9.429570e+6 2.052100e+0
 9.459670e+6 2.028600e+0 9.500000e+6 1.879720e+0 9.500030e+6 1.879610e+0
 9.540650e+6 1.955690e+0 9.575100e+6 1.855870e+0 9.581530e+6 1.837240e+0
 9.622680e+6 1.731920e+0 9.664090e+6 1.688490e+0 9.698800e+6 1.707300e+0
 9.705770e+6 1.711080e+0 9.747730e+6 1.778870e+0 9.789960e+6 1.865940e+0
 9.800000e+6 1.867400e+0 9.812600e+6 1.869230e+0 9.832460e+6 1.872120e+0
 9.875250e+6 1.856760e+0 9.939950e+6 1.932810e+0 1.000000e+7 1.876280e+0
 1.002720e+7 1.850680e+0 1.011570e+7 1.905570e+0 1.020530e+7 1.913750e+0
 1.029610e+7 1.836140e+0 1.034600e+7 1.888550e+0 1.038810e+7 1.932770e+0
 1.048140e+7 1.683590e+0 1.050000e+7 1.704370e+0 1.052000e+7 1.726720e+0
 1.054000e+7 1.749070e+0 1.057600e+7 1.789290e+0 1.058000e+7 1.784430e+0
 1.060000e+7 1.760130e+0 1.067180e+7 1.672900e+0 1.076900e+7 1.838820e+0
 1.080000e+7 1.849960e+0 1.085000e+7 1.867930e+0 1.086750e+7 1.874220e+0
 1.088000e+7 1.872340e+0 1.090000e+7 1.869330e+0 1.094000e+7 1.863310e+0
 1.095300e+7 1.861360e+0 1.096000e+7 1.860300e+0 1.096740e+7 1.859190e+0
 1.098000e+7 1.851100e+0 1.100000e+7 1.838250e+0 1.106860e+7 1.794180e+0
 1.116000e+7 1.682590e+0 1.117130e+7 1.668790e+0 1.120000e+7 1.687820e+0
 1.127540e+7 1.737810e+0 1.130000e+7 1.756070e+0 1.138000e+7 1.815440e+0
 1.138100e+7 1.816180e+0 1.140000e+7 1.822800e+0 1.144000e+7 1.836740e+0
 1.146000e+7 1.843720e+0 1.148000e+7 1.850690e+0 1.148810e+7 1.853510e+0
 1.156000e+7 1.856770e+0 1.159670e+7 1.858430e+0 1.170690e+7 1.803140e+0
 1.172500e+7 1.801720e+0 1.181870e+7 1.794350e+0 1.182500e+7 1.795400e+0
 1.190000e+7 1.807900e+0 1.193210e+7 1.813250e+0 1.197500e+7 1.822270e+0
 1.200000e+7 1.827520e+0 1.200400e+7 1.828360e+0 1.204710e+7 1.837420e+0
 1.210000e+7 1.865800e+0 1.216380e+7 1.900030e+0 1.228230e+7 1.886890e+0
 1.240240e+7 1.911220e+0 1.244500e+7 1.849980e+0 1.250000e+7 1.770920e+0
 1.252440e+7 1.735850e+0 1.264820e+7 1.933470e+0 1.277380e+7 1.950140e+0
 1.290140e+7 1.917250e+0 1.300000e+7 1.950330e+0 1.303080e+7 1.960670e+0
 1.316230e+7 1.873710e+0 1.329570e+7 1.791730e+0 1.343130e+7 1.911270e+0
 1.345000e+7 1.897140e+0 1.356890e+7 1.807290e+0 1.370860e+7 1.763600e+0
 1.385060e+7 1.961570e+0 1.390000e+7 1.889630e+0 1.399470e+7 1.751730e+0
 1.400000e+7 1.754560e+0 1.414120e+7 1.829870e+0 1.428990e+7 1.852760e+0
 1.444110e+7 1.884750e+0 1.450000e+7 1.822760e+0 1.451200e+7 1.810130e+0
 1.459470e+7 1.723100e+0 1.475000e+7 1.726160e+0 1.475070e+7 1.726170e+0
 1.490940e+7 1.818960e+0 1.500000e+7 1.747090e+0 1.507050e+7 1.691160e+0
 1.523440e+7 1.824610e+0 1.540090e+7 1.799120e+0 1.557030e+7 1.729790e+0
 1.574240e+7 1.730640e+0 1.575000e+7 1.735860e+0 1.591750e+7 1.850930e+0
 1.600000e+7 1.855870e+0 1.609550e+7 1.861580e+0 1.613200e+7 1.855560e+0
 1.627650e+7 1.831720e+0 1.646060e+7 1.772970e+0 1.664790e+7 1.957820e+0
 1.683850e+7 1.856840e+0 1.700000e+7 1.870190e+0 1.703240e+7 1.872870e+0
 1.722960e+7 1.852540e+0 1.743040e+7 1.848490e+0 1.750000e+7 1.828410e+0
 1.763470e+7 1.789540e+0 1.775000e+7 1.804320e+0 1.779400e+7 1.809970e+0
 1.779700e+7 1.810350e+0 1.784260e+7 1.816200e+0 1.800000e+7 1.881830e+0
 1.805430e+7 1.904470e+0 1.814700e+7 1.879150e+0 1.826980e+7 1.845600e+0
 1.848920e+7 1.800490e+0 1.871270e+7 1.941350e+0 1.894030e+7 1.902330e+0
 1.900000e+7 1.887290e+0 1.917200e+7 1.843970e+0 1.925000e+7 1.840520e+0
 1.940810e+7 1.833530e+0 1.950000e+7 1.835520e+0 1.964870e+7 1.838740e+0
 2.000000e+7 1.869020e+0 2.000001e+7 1.840000e+0 2.015124e+7 1.844205e+0
 2.060420e+7 1.855764e+0 2.100000e+7 1.864000e+0 2.200000e+7 1.880000e+0
 2.300000e+7 1.893603e+0 2.400000e+7 1.906000e+0 2.489699e+7 1.915663e+0
 2.500000e+7 1.916657e+0 2.600000e+7 1.925000e+0 2.617952e+7 1.926220e+0
 2.646391e+7 1.927934e+0 2.653447e+7 1.928322e+0 2.700000e+7 1.930555e+0
 2.719247e+7 1.931338e+0 2.747148e+7 1.932356e+0 2.800000e+7 1.934000e+0
 2.851944e+7 1.935253e+0 2.900000e+7 1.936066e+0 2.926240e+7 1.936396e+0
 2.940796e+7 1.936549e+0 3.000000e+7 1.937000e+0 3.099841e+7 1.936990e+0
 3.100000e+7 1.936989e+0 3.158999e+7 1.936485e+0 3.200000e+7 1.935940e+0
 3.231710e+7 1.935415e+0 3.292070e+7 1.934188e+0 3.300000e+7 1.934005e+0
 3.400000e+7 1.931320e+0 3.488123e+7 1.928424e+0 3.500000e+7 1.928000e+0
 3.515702e+7 1.927409e+0 3.532393e+7 1.926725e+0 3.600000e+7 1.923412e+0
 3.700000e+7 1.917102e+0 3.746898e+7 1.913646e+0 3.748597e+7 1.913515e+0
 3.800000e+7 1.909406e+0 3.800026e+7 1.909404e+0 3.900000e+7 1.900620e+0
 3.928093e+7 1.897991e+0 3.989800e+7 1.892013e+0 4.000000e+7 1.891000e+0
 4.100000e+7 1.880610e+0 4.109361e+7 1.879596e+0 4.112552e+7 1.879249e+0
 4.200000e+7 1.869471e+0 4.200523e+7 1.869411e+0 4.300000e+7 1.857736e+0
 4.400000e+7 1.845540e+0 4.400575e+7 1.845469e+0 4.480351e+7 1.835486e+0
 4.500000e+7 1.833000e+0 4.508159e+7 1.831965e+0 4.535811e+7 1.828438e+0
 4.573244e+7 1.823620e+0 4.600000e+7 1.820145e+0 4.606211e+7 1.819335e+0
 4.654491e+7 1.812987e+0 4.677522e+7 1.809929e+0 4.700000e+7 1.806925e+0
 4.800000e+7 1.793330e+0 4.900000e+7 1.779355e+0 4.952802e+7 1.771823e+0
 5.000000e+7 1.765000e+0 5.083199e+7 1.752758e+0 5.100000e+7 1.750249e+0
 5.171388e+7 1.739439e+0 5.192917e+7 1.736129e+0 5.200000e+7 1.735034e+0
 5.300000e+7 1.719287e+0 5.400000e+7 1.702956e+0 5.482474e+7 1.689018e+0
 5.500000e+7 1.686000e+0 5.571699e+7 1.673626e+0 5.600000e+7 1.668750e+0
 5.661638e+7 1.658140e+0 5.700000e+7 1.651543e+0 5.800000e+7 1.634359e+0
 5.900000e+7 1.617183e+0 6.000000e+7 1.600000e+0 6.066963e+7 1.588558e+0
 6.100000e+7 1.582965e+0 6.200000e+7 1.566243e+0 6.220879e+7 1.562791e+0
 6.300000e+7 1.549839e+0 6.400000e+7 1.533757e+0 6.500000e+7 1.518000e+0
 6.530701e+7 1.513242e+0 6.600000e+7 1.502678e+0 6.700000e+7 1.487690e+0
 6.800000e+7 1.472745e+0 6.900000e+7 1.457589e+0 7.000000e+7 1.442000e+0
 7.100000e+7 1.425953e+0 7.161927e+7 1.415907e+0 7.200000e+7 1.409720e+0
 7.300000e+7 1.393522e+0 7.400000e+7 1.377558e+0 7.500000e+7 1.362000e+0
 7.600000e+7 1.346891e+0 7.700000e+7 1.332113e+0 7.800000e+7 1.317586e+0
 7.900000e+7 1.303236e+0 8.000000e+7 1.289000e+0 8.100000e+7 1.274490e+0
 8.200000e+7 1.259651e+0 8.300000e+7 1.244890e+0 8.400000e+7 1.230567e+0
 8.500000e+7 1.217000e+0 8.600000e+7 1.204390e+0 8.700000e+7 1.192459e+0
 8.800000e+7 1.180813e+0 8.900000e+7 1.169099e+0 9.000000e+7 1.157000e+0
 9.100000e+7 1.144720e+0 9.200000e+7 1.132666e+0 9.300000e+7 1.120853e+0
 9.400000e+7 1.109294e+0 9.500000e+7 1.098000e+0 9.600000e+7 1.086936e+0
 9.700000e+7 1.076080e+0 9.800000e+7 1.065458e+0 9.900000e+7 1.055091e+0
 1.000000e+8 1.045000e+0 1.020000e+8 1.025631e+0 1.040000e+8 1.007194e+0
 1.060000e+8 9.895311e-1 1.080000e+8 9.725053e-1 1.100000e+8 9.560000e-1
 1.120000e+8 9.399792e-1 1.140000e+8 9.244744e-1 1.160000e+8 9.094807e-1
 1.180000e+8 8.949918e-1 1.200000e+8 8.810000e-1 1.220000e+8 8.675785e-1
 1.240000e+8 8.547457e-1 1.260000e+8 8.424190e-1 1.280000e+8 8.305252e-1
 1.300000e+8 8.190000e-1 1.320000e+8 8.078983e-1 1.340000e+8 7.972855e-1
 1.360000e+8 7.871217e-1 1.380000e+8 7.773709e-1 1.400000e+8 7.680000e-1
 1.420000e+8 7.590948e-1 1.440000e+8 7.507100e-1 1.460000e+8 7.427742e-1
 1.480000e+8 7.352234e-1 1.500000e+8 7.280000e-1 1.500000e+9 7.280000e-1
